[gd_scene load_steps=64 format=3 uid="uid://hgbh5x4xieaa"]

[ext_resource type="Script" path="res://Scripts/Multiplayer/LocalPlayer.gd" id="1_w7x02"]
[ext_resource type="Material" uid="uid://bomcq72kc1wk6" path="res://Materials/PlayerModelMaterial.tres" id="2_yrivq"]
[ext_resource type="PackedScene" uid="uid://biyhyu5a47aae" path="res://Scenes/Client/AdoptionCardHolder.tscn" id="3_02l1q"]
[ext_resource type="Material" uid="uid://bmjq7550xdvg2" path="res://Materials/PlayerModelMaterialActive.tres" id="3_hgyn1"]
[ext_resource type="PackedScene" uid="uid://b0uhr02x0ctt" path="res://Models/Bell.glb" id="4_n0ice"]
[ext_resource type="Script" path="res://Scripts/Multiplayer/BellRing.gd" id="5_w1wod"]
[ext_resource type="Script" path="res://Scripts/Client/AutoenableIK.gd" id="7_bgu4q"]
[ext_resource type="AudioStream" uid="uid://c0l05m73gvats" path="res://Audio/398281__flashtrauma__reception-bell.wav" id="7_sefy1"]
[ext_resource type="PackedScene" uid="uid://2juik52fhwxs" path="res://Scenes/Client/Ragdoll.tscn" id="8_dvrhy"]
[ext_resource type="Texture2D" uid="uid://bur5q13n0cwwb" path="res://Textures/explosion.png" id="10_h2e3s"]
[ext_resource type="AudioStream" uid="uid://b0jtrffr2n5q0" path="res://Audio/onlymp3.to - deltarune explosion greenscreen-o84vJH19toI-192k-1702239903.mp3" id="10_xyqyb"]
[ext_resource type="AudioStream" uid="uid://btxtx4nf1fs3v" path="res://Audio/notify.mp3" id="12_upywj"]

[sub_resource type="BoxShape3D" id="BoxShape3D_ml3eg"]
size = Vector3(0.573364, 0.202026, 0.497986)

[sub_resource type="SphereShape3D" id="SphereShape3D_rnj4x"]
radius = 0.25

[sub_resource type="SceneReplicationConfig" id="SceneReplicationConfig_a7xuf"]
properties/0/path = NodePath("Target:position")
properties/0/spawn = true
properties/0/replication_mode = 2
properties/1/path = NodePath(".:position")
properties/1/spawn = true
properties/1/replication_mode = 1
properties/2/path = NodePath(".:rotation")
properties/2/spawn = true
properties/2/replication_mode = 1

[sub_resource type="StandardMaterial3D" id="StandardMaterial3D_yp47r"]
resource_name = "Material.006"
cull_mode = 2
albedo_color = Color(0.0167279, 0.0170353, 0.0160479, 1)
roughness = 0.5

[sub_resource type="StandardMaterial3D" id="StandardMaterial3D_41m63"]
resource_name = "Material.007"
cull_mode = 2
albedo_color = Color(0.90645, 0.454861, 0.793553, 1)
roughness = 0.5

[sub_resource type="ArrayMesh" id="ArrayMesh_fdvoq"]
resource_name = "Legman_Plane_002"
_surfaces = [{
"aabb": AABB(-0.986802, 10.1825, -0.0917868, 2.19844, 1.05964, 0.124146),
"attribute_data": PackedByteArray(0, 0, 0, 0, 0, 0, 128, 63, 0, 0, 0, 0, 0, 0, 128, 63, 0, 0, 0, 0, 0, 0, 128, 63, 0, 0, 0, 0, 0, 0, 128, 63, 0, 0, 128, 63, 0, 0, 128, 63, 0, 0, 128, 63, 0, 0, 128, 63, 0, 0, 128, 63, 0, 0, 128, 63, 0, 0, 128, 63, 0, 0, 128, 63, 0, 0, 128, 63, 0, 0, 128, 63, 0, 0, 0, 0, 0, 0, 0, 0, 0, 0, 0, 0, 0, 0, 0, 0, 0, 0, 0, 0, 0, 0, 0, 0, 0, 0, 0, 0, 0, 0, 0, 0, 0, 0, 128, 63, 0, 0, 0, 0, 0, 0, 128, 63, 0, 0, 0, 0, 0, 0, 128, 63, 0, 0, 0, 0, 0, 0, 128, 63, 0, 0, 0, 0, 0, 0, 0, 0, 0, 0, 128, 63, 0, 0, 0, 0, 0, 0, 128, 63, 0, 0, 0, 0, 0, 0, 128, 63, 0, 0, 0, 0, 0, 0, 128, 63, 0, 0, 128, 63, 0, 0, 128, 63, 0, 0, 128, 63, 0, 0, 128, 63, 0, 0, 128, 63, 0, 0, 128, 63, 0, 0, 128, 63, 0, 0, 128, 63, 0, 0, 0, 0, 0, 0, 0, 0, 0, 0, 0, 0, 0, 0, 0, 0, 0, 0, 0, 0, 0, 0, 0, 0, 0, 0, 128, 63, 0, 0, 128, 63, 0, 0, 0, 0, 0, 0, 0, 0, 0, 0, 128, 63, 0, 0, 0, 0, 0, 0, 128, 63, 0, 0, 0, 0, 0, 0, 128, 63, 0, 0, 0, 0, 0, 0, 128, 63, 0, 0, 0, 0, 0, 0, 0, 0, 0, 0, 128, 63, 0, 0, 0, 0, 0, 0, 128, 63, 0, 0, 0, 0, 0, 0, 128, 63, 0, 0, 128, 63, 0, 0, 128, 63, 0, 0, 128, 63, 0, 0, 128, 63, 0, 0, 128, 63, 0, 0, 128, 63, 0, 0, 128, 63, 0, 0, 128, 63, 0, 0, 0, 0, 0, 0, 0, 0, 0, 0, 0, 0, 0, 0, 0, 0, 0, 0, 0, 0, 0, 0, 0, 0, 0, 0, 128, 63, 0, 0, 0, 0, 0, 0, 128, 63, 0, 0, 0, 0, 0, 0, 128, 63, 0, 0, 0, 0, 0, 0, 0, 0, 0, 0, 128, 63, 0, 0, 0, 0, 0, 0, 128, 63, 0, 0, 0, 0, 0, 0, 128, 63, 0, 0, 128, 63, 0, 0, 128, 63, 0, 0, 128, 63, 0, 0, 128, 63, 0, 0, 128, 63, 0, 0, 128, 63, 0, 0, 0, 0, 0, 0, 0, 0, 0, 0, 0, 0, 0, 0, 0, 0, 0, 0, 128, 63, 0, 0, 128, 63, 0, 0, 0, 0, 0, 0, 0, 0, 0, 0, 128, 63, 0, 0, 0, 0, 0, 0, 128, 63, 0, 0, 0, 0, 0, 0, 128, 63, 0, 0, 0, 0, 0, 0, 0, 0, 0, 0, 0, 0, 0, 0, 0, 0, 0, 0, 0, 0, 0, 0, 0, 0, 0, 0, 0, 0, 0, 0, 0, 0, 0, 0, 0, 0, 0, 0, 0, 0, 0, 0, 128, 63, 0, 0, 0, 0, 0, 0, 128, 63, 0, 0, 0, 0, 0, 0, 128, 63, 0, 0, 0, 0, 0, 0, 128, 63, 0, 0, 128, 63, 0, 0, 128, 63, 0, 0, 128, 63, 0, 0, 128, 63, 0, 0, 128, 63, 0, 0, 128, 63, 0, 0, 128, 63, 0, 0, 128, 63, 0, 0, 128, 63, 0, 0, 0, 0, 0, 0, 128, 63, 0, 0, 0, 0, 0, 0, 128, 63, 0, 0, 0, 0, 0, 0, 128, 63, 0, 0, 0, 0, 0, 0, 0, 0, 0, 0, 128, 63, 0, 0, 0, 0, 0, 0, 128, 63, 0, 0, 0, 0, 0, 0, 128, 63, 0, 0, 0, 0, 0, 0, 128, 63, 0, 0, 0, 0, 0, 0, 0, 0, 0, 0, 0, 0, 0, 0, 0, 0, 0, 0, 0, 0, 0, 0, 0, 0, 0, 0, 0, 0, 0, 0, 0, 0, 0, 0, 128, 63, 0, 0, 128, 63, 0, 0, 128, 63, 0, 0, 128, 63, 0, 0, 128, 63, 0, 0, 128, 63, 0, 0, 128, 63, 0, 0, 128, 63, 0, 0, 128, 63, 0, 0, 0, 0, 0, 0, 128, 63, 0, 0, 0, 0, 0, 0, 128, 63, 0, 0, 0, 0, 0, 0, 128, 63, 0, 0, 0, 0, 0, 0, 0, 0, 0, 0, 0, 0, 0, 0, 0, 0, 0, 0, 0, 0, 0, 0, 0, 0, 0, 0, 128, 63, 0, 0, 0, 0, 0, 0, 128, 63, 0, 0, 128, 63, 0, 0, 128, 63, 0, 0, 128, 63, 0, 0, 128, 63, 0, 0, 128, 63, 0, 0, 0, 0, 0, 0, 128, 63, 0, 0, 0, 0, 0, 0, 0, 0, 0, 0, 128, 63, 0, 0, 0, 0, 0, 0, 128, 63, 0, 0, 0, 0, 0, 0, 0, 0, 0, 0, 0, 0, 0, 0, 0, 0, 0, 0, 128, 63, 0, 0, 128, 63, 0, 0, 128, 63, 0, 0, 128, 63, 0, 0, 128, 63, 0, 0, 0, 0, 0, 0, 128, 63, 0, 0, 0, 0, 0, 0, 128, 63, 0, 0, 128, 63, 0, 0, 128, 63, 0, 0, 128, 63, 0, 0, 128, 63, 0, 0, 128, 63, 0, 0, 128, 63, 0, 0, 128, 63),
"bone_aabbs": [AABB(0, 0, 0, -1, -1, -1), AABB(0, 0, 0, -1, -1, -1), AABB(0, 0, 0, -1, -1, -1), AABB(-0.986802, 10.1825, -0.0917868, 2.19844, 1.05964, 0.124146), AABB(0, 0, 0, -1, -1, -1), AABB(0, 0, 0, -1, -1, -1), AABB(0, 0, 0, -1, -1, -1), AABB(0, 0, 0, -1, -1, -1), AABB(0, 0, 0, -1, -1, -1), AABB(0, 0, 0, -1, -1, -1), AABB(0, 0, 0, -1, -1, -1), AABB(0, 0, 0, -1, -1, -1), AABB(0, 0, 0, -1, -1, -1), AABB(0, 0, 0, -1, -1, -1), AABB(0, 0, 0, -1, -1, -1), AABB(0, 0, 0, -1, -1, -1), AABB(0, 0, 0, -1, -1, -1), AABB(0, 0, 0, -1, -1, -1), AABB(0, 0, 0, -1, -1, -1), AABB(0, 0, 0, -1, -1, -1), AABB(0, 0, 0, -1, -1, -1), AABB(0, 0, 0, -1, -1, -1), AABB(0, 0, 0, -1, -1, -1), AABB(0, 0, 0, -1, -1, -1), AABB(1.12448, 11.0132, -0.0917868, 0.087173, 0.071991, 0.066949)],
"format": 34359745559,
"index_count": 174,
"index_data": PackedByteArray(11, 0, 73, 0, 14, 0, 11, 0, 62, 0, 73, 0, 23, 0, 78, 0, 17, 0, 23, 0, 86, 0, 78, 0, 36, 0, 45, 0, 40, 0, 36, 0, 42, 0, 45, 0, 47, 0, 59, 0, 51, 0, 47, 0, 54, 0, 59, 0, 21, 0, 57, 0, 30, 0, 21, 0, 50, 0, 57, 0, 29, 0, 49, 0, 20, 0, 29, 0, 56, 0, 49, 0, 7, 0, 44, 0, 13, 0, 7, 0, 39, 0, 44, 0, 9, 0, 35, 0, 2, 0, 9, 0, 41, 0, 35, 0, 33, 0, 53, 0, 26, 0, 33, 0, 58, 0, 53, 0, 19, 0, 52, 0, 24, 0, 19, 0, 48, 0, 52, 0, 16, 0, 43, 0, 12, 0, 16, 0, 46, 0, 43, 0, 0, 0, 37, 0, 4, 0, 0, 0, 34, 0, 37, 0, 71, 0, 95, 0, 67, 0, 71, 0, 97, 0, 95, 0, 6, 0, 68, 0, 1, 0, 1, 0, 68, 0, 64, 0, 15, 0, 69, 0, 8, 0, 15, 0, 74, 0, 69, 0, 3, 0, 61, 0, 10, 0, 3, 0, 65, 0, 61, 0, 60, 0, 98, 0, 72, 0, 60, 0, 92, 0, 98, 0, 32, 0, 85, 0, 22, 0, 32, 0, 90, 0, 85, 0, 18, 0, 83, 0, 27, 0, 18, 0, 79, 0, 83, 0, 25, 0, 89, 0, 31, 0, 25, 0, 82, 0, 89, 0, 91, 0, 105, 0, 87, 0, 91, 0, 107, 0, 105, 0, 76, 0, 102, 0, 80, 0, 76, 0, 100, 0, 102, 0, 75, 0, 96, 0, 70, 0, 75, 0, 99, 0, 96, 0, 81, 0, 106, 0, 88, 0, 81, 0, 103, 0, 106, 0, 66, 0, 93, 0, 63, 0, 66, 0, 94, 0, 93, 0, 84, 0, 101, 0, 77, 0, 84, 0, 104, 0, 101, 0, 38, 0, 108, 0, 5, 0, 38, 0, 109, 0, 108, 0, 109, 0, 110, 0, 108, 0, 109, 0, 111, 0, 110, 0, 111, 0, 28, 0, 110, 0, 111, 0, 55, 0, 28, 0),
"material": SubResource("StandardMaterial3D_yp47r"),
"name": "Material.006",
"primitive": 3,
"skin_data": PackedByteArray(3, 0, 0, 0, 0, 0, 0, 0, 255, 255, 0, 0, 0, 0, 0, 0, 3, 0, 0, 0, 0, 0, 0, 0, 255, 255, 0, 0, 0, 0, 0, 0, 3, 0, 0, 0, 0, 0, 0, 0, 255, 255, 0, 0, 0, 0, 0, 0, 3, 0, 0, 0, 0, 0, 0, 0, 255, 255, 0, 0, 0, 0, 0, 0, 3, 0, 0, 0, 0, 0, 0, 0, 255, 255, 0, 0, 0, 0, 0, 0, 3, 0, 0, 0, 0, 0, 0, 0, 255, 255, 0, 0, 0, 0, 0, 0, 3, 0, 0, 0, 0, 0, 0, 0, 255, 255, 0, 0, 0, 0, 0, 0, 3, 0, 0, 0, 0, 0, 0, 0, 255, 255, 0, 0, 0, 0, 0, 0, 3, 0, 0, 0, 0, 0, 0, 0, 255, 255, 0, 0, 0, 0, 0, 0, 3, 0, 0, 0, 0, 0, 0, 0, 255, 255, 0, 0, 0, 0, 0, 0, 3, 0, 0, 0, 0, 0, 0, 0, 255, 255, 0, 0, 0, 0, 0, 0, 3, 0, 0, 0, 0, 0, 0, 0, 255, 255, 0, 0, 0, 0, 0, 0, 3, 0, 0, 0, 0, 0, 0, 0, 255, 255, 0, 0, 0, 0, 0, 0, 3, 0, 0, 0, 0, 0, 0, 0, 255, 255, 0, 0, 0, 0, 0, 0, 3, 0, 0, 0, 0, 0, 0, 0, 255, 255, 0, 0, 0, 0, 0, 0, 3, 0, 0, 0, 0, 0, 0, 0, 255, 255, 0, 0, 0, 0, 0, 0, 3, 0, 0, 0, 0, 0, 0, 0, 255, 255, 0, 0, 0, 0, 0, 0, 3, 0, 0, 0, 0, 0, 0, 0, 255, 255, 0, 0, 0, 0, 0, 0, 3, 0, 0, 0, 0, 0, 0, 0, 255, 255, 0, 0, 0, 0, 0, 0, 3, 0, 0, 0, 0, 0, 0, 0, 255, 255, 0, 0, 0, 0, 0, 0, 3, 0, 0, 0, 0, 0, 0, 0, 255, 255, 0, 0, 0, 0, 0, 0, 3, 0, 0, 0, 0, 0, 0, 0, 255, 255, 0, 0, 0, 0, 0, 0, 3, 0, 0, 0, 0, 0, 0, 0, 255, 255, 0, 0, 0, 0, 0, 0, 3, 0, 0, 0, 0, 0, 0, 0, 255, 255, 0, 0, 0, 0, 0, 0, 3, 0, 0, 0, 0, 0, 0, 0, 255, 255, 0, 0, 0, 0, 0, 0, 3, 0, 0, 0, 0, 0, 0, 0, 255, 255, 0, 0, 0, 0, 0, 0, 3, 0, 0, 0, 0, 0, 0, 0, 255, 255, 0, 0, 0, 0, 0, 0, 3, 0, 0, 0, 0, 0, 0, 0, 255, 255, 0, 0, 0, 0, 0, 0, 3, 0, 0, 0, 0, 0, 0, 0, 255, 255, 0, 0, 0, 0, 0, 0, 3, 0, 0, 0, 0, 0, 0, 0, 255, 255, 0, 0, 0, 0, 0, 0, 3, 0, 24, 0, 0, 0, 0, 0, 144, 251, 110, 4, 0, 0, 0, 0, 3, 0, 24, 0, 0, 0, 0, 0, 144, 251, 110, 4, 0, 0, 0, 0, 3, 0, 24, 0, 0, 0, 0, 0, 144, 251, 110, 4, 0, 0, 0, 0, 3, 0, 24, 0, 0, 0, 0, 0, 144, 251, 110, 4, 0, 0, 0, 0, 3, 0, 0, 0, 0, 0, 0, 0, 255, 255, 0, 0, 0, 0, 0, 0, 3, 0, 0, 0, 0, 0, 0, 0, 255, 255, 0, 0, 0, 0, 0, 0, 3, 0, 0, 0, 0, 0, 0, 0, 255, 255, 0, 0, 0, 0, 0, 0, 3, 0, 0, 0, 0, 0, 0, 0, 255, 255, 0, 0, 0, 0, 0, 0, 3, 0, 0, 0, 0, 0, 0, 0, 255, 255, 0, 0, 0, 0, 0, 0, 3, 0, 0, 0, 0, 0, 0, 0, 255, 255, 0, 0, 0, 0, 0, 0, 3, 0, 0, 0, 0, 0, 0, 0, 255, 255, 0, 0, 0, 0, 0, 0, 3, 0, 0, 0, 0, 0, 0, 0, 255, 255, 0, 0, 0, 0, 0, 0, 3, 0, 0, 0, 0, 0, 0, 0, 255, 255, 0, 0, 0, 0, 0, 0, 3, 0, 0, 0, 0, 0, 0, 0, 255, 255, 0, 0, 0, 0, 0, 0, 3, 0, 0, 0, 0, 0, 0, 0, 255, 255, 0, 0, 0, 0, 0, 0, 3, 0, 0, 0, 0, 0, 0, 0, 255, 255, 0, 0, 0, 0, 0, 0, 3, 0, 0, 0, 0, 0, 0, 0, 255, 255, 0, 0, 0, 0, 0, 0, 3, 0, 0, 0, 0, 0, 0, 0, 255, 255, 0, 0, 0, 0, 0, 0, 3, 0, 0, 0, 0, 0, 0, 0, 255, 255, 0, 0, 0, 0, 0, 0, 3, 0, 0, 0, 0, 0, 0, 0, 255, 255, 0, 0, 0, 0, 0, 0, 3, 0, 0, 0, 0, 0, 0, 0, 255, 255, 0, 0, 0, 0, 0, 0, 3, 0, 0, 0, 0, 0, 0, 0, 255, 255, 0, 0, 0, 0, 0, 0, 3, 0, 0, 0, 0, 0, 0, 0, 255, 255, 0, 0, 0, 0, 0, 0, 3, 0, 0, 0, 0, 0, 0, 0, 255, 255, 0, 0, 0, 0, 0, 0, 3, 0, 0, 0, 0, 0, 0, 0, 255, 255, 0, 0, 0, 0, 0, 0, 3, 0, 0, 0, 0, 0, 0, 0, 255, 255, 0, 0, 0, 0, 0, 0, 3, 0, 0, 0, 0, 0, 0, 0, 255, 255, 0, 0, 0, 0, 0, 0, 3, 0, 24, 0, 0, 0, 0, 0, 22, 251, 232, 4, 0, 0, 0, 0, 3, 0, 24, 0, 0, 0, 0, 0, 22, 251, 232, 4, 0, 0, 0, 0, 3, 0, 24, 0, 0, 0, 0, 0, 22, 251, 232, 4, 0, 0, 0, 0, 3, 0, 0, 0, 0, 0, 0, 0, 255, 255, 0, 0, 0, 0, 0, 0, 3, 0, 0, 0, 0, 0, 0, 0, 255, 255, 0, 0, 0, 0, 0, 0, 3, 0, 0, 0, 0, 0, 0, 0, 255, 255, 0, 0, 0, 0, 0, 0, 3, 0, 0, 0, 0, 0, 0, 0, 255, 255, 0, 0, 0, 0, 0, 0, 3, 0, 0, 0, 0, 0, 0, 0, 255, 255, 0, 0, 0, 0, 0, 0, 3, 0, 0, 0, 0, 0, 0, 0, 255, 255, 0, 0, 0, 0, 0, 0, 3, 0, 0, 0, 0, 0, 0, 0, 255, 255, 0, 0, 0, 0, 0, 0, 3, 0, 0, 0, 0, 0, 0, 0, 255, 255, 0, 0, 0, 0, 0, 0, 3, 0, 0, 0, 0, 0, 0, 0, 255, 255, 0, 0, 0, 0, 0, 0, 3, 0, 0, 0, 0, 0, 0, 0, 255, 255, 0, 0, 0, 0, 0, 0, 3, 0, 0, 0, 0, 0, 0, 0, 255, 255, 0, 0, 0, 0, 0, 0, 3, 0, 0, 0, 0, 0, 0, 0, 255, 255, 0, 0, 0, 0, 0, 0, 3, 0, 0, 0, 0, 0, 0, 0, 255, 255, 0, 0, 0, 0, 0, 0, 3, 0, 0, 0, 0, 0, 0, 0, 255, 255, 0, 0, 0, 0, 0, 0, 3, 0, 0, 0, 0, 0, 0, 0, 255, 255, 0, 0, 0, 0, 0, 0, 3, 0, 0, 0, 0, 0, 0, 0, 255, 255, 0, 0, 0, 0, 0, 0, 3, 0, 0, 0, 0, 0, 0, 0, 255, 255, 0, 0, 0, 0, 0, 0, 3, 0, 0, 0, 0, 0, 0, 0, 255, 255, 0, 0, 0, 0, 0, 0, 3, 0, 0, 0, 0, 0, 0, 0, 255, 255, 0, 0, 0, 0, 0, 0, 3, 0, 0, 0, 0, 0, 0, 0, 255, 255, 0, 0, 0, 0, 0, 0, 3, 0, 0, 0, 0, 0, 0, 0, 255, 255, 0, 0, 0, 0, 0, 0, 3, 0, 0, 0, 0, 0, 0, 0, 255, 255, 0, 0, 0, 0, 0, 0, 3, 0, 0, 0, 0, 0, 0, 0, 255, 255, 0, 0, 0, 0, 0, 0, 3, 0, 0, 0, 0, 0, 0, 0, 255, 255, 0, 0, 0, 0, 0, 0, 3, 0, 0, 0, 0, 0, 0, 0, 255, 255, 0, 0, 0, 0, 0, 0, 3, 0, 0, 0, 0, 0, 0, 0, 255, 255, 0, 0, 0, 0, 0, 0, 3, 0, 0, 0, 0, 0, 0, 0, 255, 255, 0, 0, 0, 0, 0, 0, 3, 0, 0, 0, 0, 0, 0, 0, 255, 255, 0, 0, 0, 0, 0, 0, 3, 0, 24, 0, 0, 0, 0, 0, 239, 252, 15, 3, 0, 0, 0, 0, 3, 0, 24, 0, 0, 0, 0, 0, 239, 252, 15, 3, 0, 0, 0, 0, 3, 0, 24, 0, 0, 0, 0, 0, 239, 252, 15, 3, 0, 0, 0, 0, 3, 0, 24, 0, 0, 0, 0, 0, 239, 252, 15, 3, 0, 0, 0, 0, 3, 0, 0, 0, 0, 0, 0, 0, 255, 255, 0, 0, 0, 0, 0, 0, 3, 0, 0, 0, 0, 0, 0, 0, 255, 255, 0, 0, 0, 0, 0, 0, 3, 0, 0, 0, 0, 0, 0, 0, 255, 255, 0, 0, 0, 0, 0, 0, 3, 0, 0, 0, 0, 0, 0, 0, 255, 255, 0, 0, 0, 0, 0, 0, 3, 0, 0, 0, 0, 0, 0, 0, 255, 255, 0, 0, 0, 0, 0, 0, 3, 0, 0, 0, 0, 0, 0, 0, 255, 255, 0, 0, 0, 0, 0, 0, 3, 0, 0, 0, 0, 0, 0, 0, 255, 255, 0, 0, 0, 0, 0, 0, 3, 0, 0, 0, 0, 0, 0, 0, 255, 255, 0, 0, 0, 0, 0, 0, 3, 0, 0, 0, 0, 0, 0, 0, 255, 255, 0, 0, 0, 0, 0, 0, 3, 0, 0, 0, 0, 0, 0, 0, 255, 255, 0, 0, 0, 0, 0, 0, 3, 0, 0, 0, 0, 0, 0, 0, 255, 255, 0, 0, 0, 0, 0, 0, 3, 0, 0, 0, 0, 0, 0, 0, 255, 255, 0, 0, 0, 0, 0, 0, 3, 0, 0, 0, 0, 0, 0, 0, 255, 255, 0, 0, 0, 0, 0, 0, 3, 0, 0, 0, 0, 0, 0, 0, 255, 255, 0, 0, 0, 0, 0, 0, 3, 0, 24, 0, 0, 0, 0, 0, 1, 253, 253, 2, 0, 0, 0, 0, 3, 0, 24, 0, 0, 0, 0, 0, 1, 253, 253, 2, 0, 0, 0, 0, 3, 0, 0, 0, 0, 0, 0, 0, 255, 255, 0, 0, 0, 0, 0, 0, 3, 0, 0, 0, 0, 0, 0, 0, 255, 255, 0, 0, 0, 0, 0, 0, 3, 0, 0, 0, 0, 0, 0, 0, 255, 255, 0, 0, 0, 0, 0, 0, 3, 0, 0, 0, 0, 0, 0, 0, 255, 255, 0, 0, 0, 0, 0, 0),
"uv_scale": Vector4(0, 0, 0, 0),
"vertex_count": 112,
"vertex_data": PackedByteArray(8, 55, 1, 191, 28, 87, 43, 65, 28, 71, 159, 187, 8, 55, 1, 191, 28, 87, 43, 65, 28, 71, 159, 187, 8, 55, 1, 191, 28, 87, 43, 65, 28, 71, 159, 187, 8, 55, 1, 191, 28, 87, 43, 65, 28, 71, 159, 187, 49, 219, 163, 190, 194, 255, 48, 65, 28, 71, 159, 187, 49, 219, 163, 190, 194, 255, 48, 65, 28, 71, 159, 187, 49, 219, 163, 190, 194, 255, 48, 65, 28, 71, 159, 187, 49, 219, 163, 190, 194, 255, 48, 65, 28, 71, 159, 187, 49, 219, 163, 190, 194, 255, 48, 65, 28, 71, 159, 187, 242, 89, 105, 191, 0, 179, 39, 65, 174, 138, 4, 61, 242, 89, 105, 191, 0, 179, 39, 65, 174, 138, 4, 61, 242, 89, 105, 191, 0, 179, 39, 65, 174, 138, 4, 61, 242, 89, 105, 191, 0, 179, 39, 65, 174, 138, 4, 61, 250, 36, 124, 191, 225, 223, 51, 65, 96, 184, 172, 188, 250, 36, 124, 191, 225, 223, 51, 65, 96, 184, 172, 188, 250, 36, 124, 191, 225, 223, 51, 65, 96, 184, 172, 188, 250, 36, 124, 191, 225, 223, 51, 65, 96, 184, 172, 188, 200, 128, 15, 63, 238, 192, 40, 65, 144, 11, 46, 188, 200, 128, 15, 63, 238, 192, 40, 65, 144, 11, 46, 188, 200, 128, 15, 63, 238, 192, 40, 65, 144, 11, 46, 188, 200, 128, 15, 63, 238, 192, 40, 65, 144, 11, 46, 188, 73, 56, 118, 63, 9, 239, 34, 65, 144, 11, 46, 188, 73, 56, 118, 63, 9, 239, 34, 65, 144, 11, 46, 188, 73, 56, 118, 63, 9, 239, 34, 65, 144, 11, 46, 188, 73, 56, 118, 63, 9, 239, 34, 65, 144, 11, 46, 188, 224, 227, 149, 62, 119, 102, 49, 65, 204, 25, 56, 60, 224, 227, 149, 62, 119, 102, 49, 65, 204, 25, 56, 60, 224, 227, 149, 62, 119, 102, 49, 65, 204, 25, 56, 60, 224, 227, 149, 62, 119, 102, 49, 65, 204, 25, 56, 60, 224, 227, 149, 62, 119, 102, 49, 65, 204, 25, 56, 60, 246, 22, 155, 63, 22, 93, 49, 65, 217, 111, 243, 188, 246, 22, 155, 63, 22, 93, 49, 65, 217, 111, 243, 188, 246, 22, 155, 63, 22, 93, 49, 65, 217, 111, 243, 188, 246, 22, 155, 63, 22, 93, 49, 65, 217, 111, 243, 188, 31, 177, 1, 191, 175, 83, 43, 65, 50, 19, 137, 189, 31, 177, 1, 191, 175, 83, 43, 65, 50, 19, 137, 189, 31, 177, 1, 191, 175, 83, 43, 65, 50, 19, 137, 189, 96, 207, 164, 190, 85, 252, 48, 65, 50, 19, 137, 189, 96, 207, 164, 190, 85, 252, 48, 65, 50, 19, 137, 189, 96, 207, 164, 190, 85, 252, 48, 65, 50, 19, 137, 189, 96, 207, 164, 190, 85, 252, 48, 65, 50, 19, 137, 189, 9, 212, 105, 191, 147, 175, 39, 65, 166, 101, 243, 188, 9, 212, 105, 191, 147, 175, 39, 65, 166, 101, 243, 188, 9, 212, 105, 191, 147, 175, 39, 65, 166, 101, 243, 188, 17, 159, 124, 191, 116, 220, 51, 65, 216, 76, 170, 189, 17, 159, 124, 191, 116, 220, 51, 65, 216, 76, 170, 189, 17, 159, 124, 191, 116, 220, 51, 65, 216, 76, 170, 189, 177, 6, 15, 63, 129, 189, 40, 65, 50, 224, 148, 189, 177, 6, 15, 63, 129, 189, 40, 65, 50, 224, 148, 189, 177, 6, 15, 63, 129, 189, 40, 65, 50, 224, 148, 189, 50, 190, 117, 63, 156, 235, 34, 65, 50, 224, 148, 189, 50, 190, 117, 63, 156, 235, 34, 65, 50, 224, 148, 189, 50, 190, 117, 63, 156, 235, 34, 65, 50, 224, 148, 189, 177, 239, 148, 62, 10, 99, 49, 65, 14, 55, 80, 189, 177, 239, 148, 62, 10, 99, 49, 65, 14, 55, 80, 189, 177, 239, 148, 62, 10, 99, 49, 65, 14, 55, 80, 189, 177, 239, 148, 62, 10, 99, 49, 65, 14, 55, 80, 189, 234, 217, 154, 63, 169, 89, 49, 65, 183, 250, 187, 189, 234, 217, 154, 63, 169, 89, 49, 65, 183, 250, 187, 189, 234, 217, 154, 63, 169, 89, 49, 65, 183, 250, 187, 189, 58, 101, 92, 191, 138, 237, 40, 65, 188, 213, 213, 60, 58, 101, 92, 191, 138, 237, 40, 65, 188, 213, 213, 60, 58, 101, 92, 191, 138, 237, 40, 65, 188, 213, 213, 60, 58, 101, 92, 191, 138, 237, 40, 65, 188, 213, 213, 60, 225, 162, 8, 191, 66, 219, 43, 65, 208, 61, 123, 187, 225, 162, 8, 191, 66, 219, 43, 65, 208, 61, 123, 187, 225, 162, 8, 191, 66, 219, 43, 65, 208, 61, 123, 187, 225, 162, 8, 191, 66, 219, 43, 65, 208, 61, 123, 187, 181, 10, 152, 190, 112, 104, 48, 65, 208, 61, 123, 187, 181, 10, 152, 190, 112, 104, 48, 65, 208, 61, 123, 187, 181, 10, 152, 190, 112, 104, 48, 65, 208, 61, 123, 187, 181, 10, 152, 190, 112, 104, 48, 65, 208, 61, 123, 187, 216, 130, 107, 191, 132, 184, 50, 65, 218, 76, 138, 188, 216, 130, 107, 191, 132, 184, 50, 65, 218, 76, 138, 188, 216, 130, 107, 191, 132, 184, 50, 65, 218, 76, 138, 188, 216, 130, 107, 191, 132, 184, 50, 65, 218, 76, 138, 188, 199, 114, 25, 63, 50, 68, 41, 65, 100, 129, 26, 188, 199, 114, 25, 63, 50, 68, 41, 65, 100, 129, 26, 188, 199, 114, 25, 63, 50, 68, 41, 65, 100, 129, 26, 188, 199, 114, 25, 63, 50, 68, 41, 65, 100, 129, 26, 188, 130, 178, 204, 62, 153, 150, 47, 65, 0, 82, 212, 60, 130, 178, 204, 62, 153, 150, 47, 65, 0, 82, 212, 60, 130, 178, 204, 62, 153, 150, 47, 65, 0, 82, 212, 60, 130, 178, 204, 62, 153, 150, 47, 65, 0, 82, 212, 60, 252, 85, 108, 63, 236, 145, 36, 65, 100, 129, 26, 188, 252, 85, 108, 63, 236, 145, 36, 65, 100, 129, 26, 188, 252, 85, 108, 63, 236, 145, 36, 65, 100, 129, 26, 188, 252, 85, 108, 63, 236, 145, 36, 65, 100, 129, 26, 188, 92, 249, 143, 63, 216, 54, 48, 65, 183, 120, 203, 188, 92, 249, 143, 63, 216, 54, 48, 65, 183, 120, 203, 188, 92, 249, 143, 63, 216, 54, 48, 65, 183, 120, 203, 188, 92, 249, 143, 63, 216, 54, 48, 65, 183, 120, 203, 188, 87, 122, 92, 191, 242, 236, 40, 65, 114, 210, 123, 60, 87, 122, 92, 191, 242, 236, 40, 65, 114, 210, 123, 60, 254, 183, 8, 191, 170, 218, 43, 65, 122, 168, 110, 188, 254, 183, 8, 191, 170, 218, 43, 65, 122, 168, 110, 188, 238, 52, 152, 190, 216, 103, 48, 65, 122, 168, 110, 188, 238, 52, 152, 190, 216, 103, 48, 65, 122, 168, 110, 188, 245, 151, 107, 191, 236, 183, 50, 65, 93, 57, 226, 188, 245, 151, 107, 191, 236, 183, 50, 65, 93, 57, 226, 188, 170, 93, 25, 63, 154, 67, 41, 65, 53, 45, 165, 188, 170, 93, 25, 63, 154, 67, 41, 65, 53, 45, 165, 188, 73, 136, 204, 62, 1, 150, 47, 65, 250, 202, 120, 60, 73, 136, 204, 62, 1, 150, 47, 65, 250, 202, 120, 60, 223, 64, 108, 63, 84, 145, 36, 65, 53, 45, 165, 188, 223, 64, 108, 63, 84, 145, 36, 65, 53, 45, 165, 188, 206, 238, 143, 63, 64, 54, 48, 65, 157, 178, 17, 189, 206, 238, 143, 63, 64, 54, 48, 65, 157, 178, 17, 189, 160, 125, 164, 189, 203, 242, 49, 65, 11, 71, 159, 187, 92, 78, 168, 189, 94, 239, 49, 65, 49, 19, 137, 189, 152, 3, 132, 61, 102, 35, 50, 65, 8, 71, 159, 187, 220, 50, 128, 61, 249, 31, 50, 65, 49, 19, 137, 189, 42, 45, 65, 171, 255, 255, 255, 63, 219, 27, 209, 213, 255, 255, 255, 191, 49, 82, 235, 209, 255, 255, 255, 63, 224, 3, 106, 8, 255, 255, 255, 191, 42, 45, 65, 171, 255, 255, 255, 63, 56, 20, 26, 206, 255, 255, 255, 191, 219, 27, 209, 213, 255, 255, 255, 191, 45, 101, 244, 28, 255, 255, 255, 63, 120, 251, 162, 1, 255, 255, 255, 191, 49, 82, 235, 209, 255, 255, 255, 63, 224, 3, 106, 8, 255, 255, 255, 191, 114, 8, 191, 1, 255, 255, 255, 191, 70, 245, 69, 142, 255, 255, 255, 191, 45, 101, 244, 28, 255, 255, 255, 63, 114, 8, 191, 1, 255, 255, 255, 191, 120, 251, 162, 1, 255, 255, 255, 191, 70, 245, 69, 142, 255, 255, 255, 191, 205, 253, 0, 254, 255, 255, 255, 191, 233, 240, 87, 237, 255, 255, 255, 191, 66, 190, 103, 196, 255, 255, 255, 191, 131, 214, 140, 172, 255, 255, 255, 191, 212, 29, 63, 155, 255, 255, 255, 63, 226, 0, 18, 6, 255, 255, 255, 191, 205, 253, 0, 254, 255, 255, 255, 191, 66, 190, 103, 196, 255, 255, 255, 191, 65, 12, 219, 5, 255, 255, 255, 191, 194, 127, 241, 1, 255, 255, 255, 63, 233, 240, 87, 237, 255, 255, 255, 191, 0, 236, 166, 192, 255, 255, 255, 191, 131, 214, 140, 172, 255, 255, 255, 191, 212, 29, 63, 155, 255, 255, 255, 63, 65, 12, 219, 5, 255, 255, 255, 191, 226, 0, 18, 6, 255, 255, 255, 191, 194, 127, 241, 1, 255, 255, 255, 63, 42, 45, 65, 171, 255, 255, 255, 63, 49, 82, 235, 209, 255, 255, 255, 63, 27, 130, 141, 133, 202, 151, 170, 246, 42, 45, 65, 171, 255, 255, 255, 63, 91, 63, 167, 149, 255, 255, 255, 63, 45, 101, 244, 28, 255, 255, 255, 63, 27, 130, 141, 133, 225, 174, 204, 234, 49, 82, 235, 209, 255, 255, 255, 63, 27, 130, 141, 133, 61, 112, 157, 250, 70, 245, 69, 142, 255, 255, 255, 191, 45, 101, 244, 28, 255, 255, 255, 63, 27, 130, 141, 133, 203, 151, 170, 246, 70, 245, 69, 142, 255, 255, 255, 191, 203, 131, 207, 127, 34, 220, 172, 172, 66, 190, 103, 196, 255, 255, 255, 191, 131, 214, 140, 172, 255, 255, 255, 191, 212, 29, 63, 155, 255, 255, 255, 63, 203, 131, 207, 127, 27, 196, 255, 160, 66, 190, 103, 196, 255, 255, 255, 191, 194, 127, 241, 1, 255, 255, 255, 63, 203, 131, 207, 127, 175, 255, 241, 189, 239, 191, 0, 155, 255, 255, 255, 63, 131, 214, 140, 172, 255, 255, 255, 191, 212, 29, 63, 155, 255, 255, 255, 63, 194, 127, 241, 1, 255, 255, 255, 63, 203, 131, 207, 127, 232, 222, 4, 174, 70, 14, 71, 117, 255, 255, 255, 63, 224, 3, 106, 8, 255, 255, 255, 191, 114, 8, 191, 1, 255, 255, 255, 191, 19, 174, 205, 45, 255, 255, 255, 191, 219, 27, 209, 213, 255, 255, 255, 191, 224, 3, 106, 8, 255, 255, 255, 191, 19, 174, 205, 45, 255, 255, 255, 191, 112, 198, 37, 69, 255, 255, 255, 191, 219, 27, 209, 213, 255, 255, 255, 191, 120, 251, 162, 1, 255, 255, 255, 191, 214, 153, 62, 232, 255, 255, 255, 191, 112, 198, 37, 69, 255, 255, 255, 191, 70, 14, 71, 117, 255, 255, 255, 63, 114, 8, 191, 1, 255, 255, 255, 191, 120, 251, 162, 1, 255, 255, 255, 191, 214, 153, 62, 232, 255, 255, 255, 191, 44, 45, 226, 85, 255, 255, 255, 63, 105, 68, 68, 62, 255, 255, 255, 63, 205, 253, 0, 254, 255, 255, 255, 191, 233, 240, 87, 237, 255, 255, 255, 191, 44, 45, 226, 85, 255, 255, 255, 63, 1, 120, 107, 249, 255, 255, 255, 191, 65, 12, 219, 5, 255, 255, 255, 191, 233, 240, 87, 237, 255, 255, 255, 191, 105, 68, 68, 62, 255, 255, 255, 63, 226, 0, 18, 6, 255, 255, 255, 191, 205, 253, 0, 254, 255, 255, 255, 191, 190, 228, 43, 98, 255, 255, 255, 191, 1, 120, 107, 249, 255, 255, 255, 191, 65, 12, 219, 5, 255, 255, 255, 191, 226, 0, 18, 6, 255, 255, 255, 191, 190, 228, 43, 98, 255, 255, 255, 191, 70, 14, 71, 117, 255, 255, 255, 63, 19, 174, 205, 45, 255, 255, 255, 191, 19, 174, 205, 45, 255, 255, 255, 191, 112, 198, 37, 69, 255, 255, 255, 191, 214, 153, 62, 232, 255, 255, 255, 191, 112, 198, 37, 69, 255, 255, 255, 191, 70, 14, 71, 117, 255, 255, 255, 63, 214, 153, 62, 232, 255, 255, 255, 191, 44, 45, 226, 85, 255, 255, 255, 63, 105, 68, 68, 62, 255, 255, 255, 63, 44, 45, 226, 85, 255, 255, 255, 63, 1, 120, 107, 249, 255, 255, 255, 191, 105, 68, 68, 62, 255, 255, 255, 63, 190, 228, 43, 98, 255, 255, 255, 191, 1, 120, 107, 249, 255, 255, 255, 191, 190, 228, 43, 98, 255, 255, 255, 191, 88, 109, 72, 238, 255, 255, 255, 191, 11, 109, 248, 237, 255, 255, 255, 191, 138, 137, 71, 248, 255, 255, 255, 191, 60, 136, 145, 249, 255, 255, 255, 191)
}, {
"aabb": AABB(-0.920287, 10.2855, -0.0355707, 2.04476, 0.884422, 0.0509507),
"attribute_data": PackedByteArray(0, 0, 0, 0, 0, 0, 0, 0, 0, 0, 0, 0, 0, 0, 128, 63, 0, 0, 128, 63, 0, 0, 128, 63, 0, 0, 128, 63, 0, 0, 0, 0, 0, 0, 0, 0, 0, 0, 128, 63, 0, 0, 0, 0, 0, 0, 0, 0, 0, 0, 128, 63, 0, 0, 128, 63, 0, 0, 128, 63, 0, 0, 0, 0),
"bone_aabbs": [AABB(0, 0, 0, -1, -1, -1), AABB(0, 0, 0, -1, -1, -1), AABB(0, 0, 0, -1, -1, -1), AABB(-0.920287, 10.2855, -0.0355707, 2.04476, 0.884422, 0.0509507), AABB(0, 0, 0, -1, -1, -1), AABB(0, 0, 0, -1, -1, -1), AABB(0, 0, 0, -1, -1, -1), AABB(0, 0, 0, -1, -1, -1), AABB(0, 0, 0, -1, -1, -1), AABB(0, 0, 0, -1, -1, -1), AABB(0, 0, 0, -1, -1, -1), AABB(0, 0, 0, -1, -1, -1), AABB(0, 0, 0, -1, -1, -1), AABB(0, 0, 0, -1, -1, -1), AABB(0, 0, 0, -1, -1, -1), AABB(0, 0, 0, -1, -1, -1), AABB(0, 0, 0, -1, -1, -1), AABB(0, 0, 0, -1, -1, -1), AABB(0, 0, 0, -1, -1, -1), AABB(0, 0, 0, -1, -1, -1), AABB(0, 0, 0, -1, -1, -1), AABB(0, 0, 0, -1, -1, -1), AABB(0, 0, 0, -1, -1, -1), AABB(0, 0, 0, -1, -1, -1), AABB(1.12448, 11.0132, -0.0355707, 1e-05, 1e-05, 1e-05)],
"format": 34359745559,
"index_count": 12,
"index_data": PackedByteArray(1, 0, 3, 0, 0, 0, 1, 0, 2, 0, 3, 0, 4, 0, 7, 0, 5, 0, 4, 0, 6, 0, 7, 0),
"material": SubResource("StandardMaterial3D_41m63"),
"name": "Material.007",
"primitive": 3,
"skin_data": PackedByteArray(3, 0, 0, 0, 0, 0, 0, 0, 255, 255, 0, 0, 0, 0, 0, 0, 3, 0, 0, 0, 0, 0, 0, 0, 255, 255, 0, 0, 0, 0, 0, 0, 3, 0, 0, 0, 0, 0, 0, 0, 255, 255, 0, 0, 0, 0, 0, 0, 3, 0, 0, 0, 0, 0, 0, 0, 255, 255, 0, 0, 0, 0, 0, 0, 3, 0, 0, 0, 0, 0, 0, 0, 255, 255, 0, 0, 0, 0, 0, 0, 3, 0, 0, 0, 0, 0, 0, 0, 255, 255, 0, 0, 0, 0, 0, 0, 3, 0, 0, 0, 0, 0, 0, 0, 255, 255, 0, 0, 0, 0, 0, 0, 3, 0, 24, 0, 0, 0, 0, 0, 1, 253, 253, 2, 0, 0, 0, 0),
"uv_scale": Vector4(0, 0, 0, 0),
"vertex_count": 8,
"vertex_data": PackedByteArray(87, 122, 92, 191, 242, 236, 40, 65, 114, 210, 123, 60, 254, 183, 8, 191, 170, 218, 43, 65, 122, 168, 110, 188, 238, 52, 152, 190, 216, 103, 48, 65, 122, 168, 110, 188, 245, 151, 107, 191, 236, 183, 50, 65, 93, 57, 226, 188, 170, 93, 25, 63, 154, 67, 41, 65, 53, 45, 165, 188, 73, 136, 204, 62, 1, 150, 47, 65, 250, 202, 120, 60, 223, 64, 108, 63, 84, 145, 36, 65, 53, 45, 165, 188, 206, 238, 143, 63, 64, 54, 48, 65, 157, 178, 17, 189, 102, 5, 235, 1, 92, 112, 99, 5, 102, 5, 235, 1, 170, 162, 1, 15, 102, 5, 235, 1, 84, 188, 51, 28, 102, 5, 235, 1, 13, 161, 45, 14, 37, 2, 175, 250, 187, 222, 233, 82, 37, 2, 175, 250, 194, 249, 93, 58, 37, 2, 175, 250, 243, 196, 122, 95, 37, 2, 175, 250, 82, 224, 35, 82)
}]
blend_shape_mode = 0

[sub_resource type="Skin" id="Skin_p0tx2"]
resource_name = "Skin"
bind_count = 49
bind/0/name = &"Body01"
bind/0/bone = -1
bind/0/pose = Transform3D(1, -1.72956e-16, 1.49695e-16, 1.49695e-16, 0.989659, 0.14344, -1.72956e-16, -0.14344, 0.989659, -2.26454e-16, -5.09642, 2.28296)
bind/1/name = &"Body02"
bind/1/bone = -1
bind/1/pose = Transform3D(1, -2.4435e-08, 2.37163e-07, 5.32907e-15, 0.994734, 0.102488, -2.38419e-07, -0.102488, 0.994734, 4.79711e-07, -6.60797, 2.01205)
bind/2/name = &"Neck"
bind/2/bone = -1
bind/2/pose = Transform3D(1, 9.7031e-08, -2.17781e-07, 1.42109e-14, 0.913438, 0.406977, 2.38419e-07, -0.406978, 0.913438, -1.0718e-06, -7.26233, 4.49547)
bind/3/name = &"Head"
bind/3/bone = -1
bind/3/pose = Transform3D(1, 1.82006e-07, -1.54005e-07, 1.42109e-14, 0.645942, 0.763386, 2.38419e-07, -0.763386, 0.645942, -1.83445e-06, -5.60467, 7.69423)
bind/4/name = &"L_Elbow"
bind/4/bone = -1
bind/4/pose = Transform3D(-0.0755845, 0.703288, 0.706875, -0.991239, -0.129998, 0.0233478, 0.108313, -0.698918, 0.706953, -5.58292, 0.374116, 6.73558)
bind/5/name = &"L_Arm"
bind/5/bone = -1
bind/5/pose = Transform3D(-0.0670638, 0.70417, 0.706857, -0.995495, -0.094809, -7.07805e-08, 0.0670163, -0.703673, 0.707357, -5.57319, -1.20889, 6.69275)
bind/6/name = &"L_Forearm"
bind/6/bone = -1
bind/6/pose = Transform3D(-0.0354952, 0.70641, 0.706912, -0.998399, -0.056237, 0.00606561, 0.0440395, -0.705565, 0.707275, -5.47379, -3.25946, 6.62257)
bind/7/name = &"L_Hand"
bind/7/bone = -1
bind/7/pose = Transform3D(-0.174309, -0.984691, 1.58325e-07, -0.984344, 0.174247, 0.0265539, -0.0261475, 0.00462872, -0.999647, 7.07753, -7.23194, -0.973914)
bind/8/name = &"L_Index01"
bind/8/bone = -1
bind/8/pose = Transform3D(0.0223962, 0.712077, 0.701743, -0.999491, 1.49011e-08, 0.0318987, 0.0227144, -0.702101, 0.711715, -5.38392, -6.49937, 6.33938)
bind/9/name = &"L_Index02"
bind/9/bone = -1
bind/9/pose = Transform3D(-0.203713, 0.685474, 0.699018, -0.962541, -0.270717, -0.0150398, 0.178927, -0.675898, 0.714946, -6.68109, -4.21926, 7.17144)
bind/10/name = &"L_Index03"
bind/10/bone = -1
bind/10/pose = Transform3D(-0.237296, 0.671375, 0.702101, -0.94284, -0.333245, -1.49012e-08, 0.233972, -0.66197, 0.712077, -6.79736, -3.82372, 7.43857)
bind/11/name = &"L_Middle01"
bind/11/bone = -1
bind/11/pose = Transform3D(0.0297386, 0.71191, 0.70164, -0.999557, 0.0216493, 0.0203994, -0.00066737, -0.701936, 0.71224, -5.22427, -6.70971, 6.29712)
bind/12/name = &"L_Middle02"
bind/12/bone = -1
bind/12/pose = Transform3D(-0.145259, 0.698711, 0.700502, -0.983698, -0.177852, -0.0265867, 0.106009, -0.692945, 0.713155, -6.29529, -5.17497, 6.94232)
bind/13/name = &"L_Middle03"
bind/13/bone = -1
bind/13/pose = Transform3D(-0.267304, 0.659804, 0.702287, -0.921124, -0.388985, 0.0148569, 0.282982, -0.642923, 0.711739, -6.83206, -3.26508, 7.77414)
bind/14/name = &"L_Ring01"
bind/14/bone = -1
bind/14/pose = Transform3D(-0.0337156, 0.712077, 0.701291, -0.998847, 6.33299e-08, -0.0480212, -0.0341948, -0.702101, 0.711256, -5.52984, -6.5642, 6.19138)
bind/15/name = &"L_Ring02"
bind/15/bone = -1
bind/15/pose = Transform3D(-0.160237, 0.696151, 0.699783, -0.977459, -0.210643, -0.0142697, 0.137471, -0.686296, 0.714213, -6.25156, -4.85223, 7.21948)
bind/16/name = &"L_Ring03"
bind/16/bone = -1
bind/16/pose = Transform3D(-0.287524, 0.650059, 0.703387, -0.903028, -0.428727, 0.0270908, 0.319172, -0.627389, 0.710291, -6.76134, -2.77846, 8.0049)
bind/17/name = &"L_Pinky01"
bind/17/bone = -1
bind/17/pose = Transform3D(-0.0437956, 0.712077, 0.700733, -0.998052, 1.49012e-08, -0.062378, -0.0444179, -0.702101, 0.710691, -5.49861, -6.56788, 6.22306)
bind/18/name = &"L_Pinky02"
bind/18/bone = -1
bind/18/pose = Transform3D(-0.0926654, 0.712821, 0.695197, -0.984226, -0.171251, 0.0444011, 0.150703, -0.680117, 0.717447, -5.83814, -5.14076, 7.35676)
bind/19/name = &"L_Pinky03"
bind/19/bone = -1
bind/19/pose = Transform3D(-0.287889, 0.650675, 0.702667, -0.870638, -0.483442, 0.0909623, 0.398886, -0.585582, 0.70568, -6.67999, -1.99834, 8.29681)
bind/20/name = &"L_Thumb01"
bind/20/bone = -1
bind/20/pose = Transform3D(0.467067, 0.737424, 0.487908, -0.824342, 0.163541, 0.541954, 0.319857, -0.655333, 0.684274, -2.95934, -6.18887, 7.69564)
bind/21/name = &"L_Thumb02"
bind/21/bone = -1
bind/21/pose = Transform3D(0.394863, 0.70777, 0.585786, -0.865532, 0.0727412, 0.495544, 0.30812, -0.702688, 0.64132, -3.13855, -5.92935, 7.99765)
bind/22/name = &"L_Thumb03"
bind/22/bone = -1
bind/22/pose = Transform3D(0.391475, 0.712053, 0.582862, -0.830139, -1.19209e-07, 0.557556, 0.39701, -0.702126, 0.591103, -3.19687, -5.25921, 8.55863)
bind/23/name = &"R_Elbow"
bind/23/bone = -1
bind/23/pose = Transform3D(-0.0755845, -0.703289, -0.706875, 0.991239, -0.129998, 0.0233479, -0.108313, -0.698918, 0.706953, 5.58292, 0.374116, 6.73558)
bind/24/name = &"R_Arm"
bind/24/bone = -1
bind/24/pose = Transform3D(-0.0670638, -0.704171, -0.706857, 0.995495, -0.094809, -2.23517e-08, -0.0670164, -0.703673, 0.707357, 5.57319, -1.20889, 6.69275)
bind/25/name = &"R_Forearm"
bind/25/bone = -1
bind/25/pose = Transform3D(-0.0354953, -0.70641, -0.706912, 0.998399, -0.0562369, 0.00606565, -0.0440395, -0.705565, 0.707275, 5.47379, -3.25946, 6.62257)
bind/26/name = &"R_Hand"
bind/26/bone = -1
bind/26/pose = Transform3D(-0.174309, 0.984691, -1.36904e-07, 0.984343, 0.174247, 0.026554, 0.0261475, 0.00462863, -0.999647, -7.07754, -7.23194, -0.973913)
bind/27/name = &"R_Index01"
bind/27/bone = -1
bind/27/pose = Transform3D(0.0223962, -0.712077, -0.701743, 0.999491, -1.86264e-09, 0.0318989, -0.0227145, -0.702101, 0.711715, 5.38392, -6.49937, 6.33938)
bind/28/name = &"R_Index02"
bind/28/bone = -1
bind/28/pose = Transform3D(-0.203713, -0.685474, -0.699018, 0.962541, -0.270717, -0.0150397, -0.178927, -0.675898, 0.714946, 6.68109, -4.21925, 7.17144)
bind/29/name = &"R_Index03"
bind/29/bone = -1
bind/29/pose = Transform3D(-0.237296, -0.671375, -0.702101, 0.94284, -0.333245, 1.49011e-08, -0.233972, -0.661969, 0.712077, 6.79736, -3.82372, 7.43857)
bind/30/name = &"R_Middle01"
bind/30/bone = -1
bind/30/pose = Transform3D(0.0297386, -0.711911, -0.70164, 0.999558, 0.0216492, 0.0203995, 0.000667367, -0.701936, 0.71224, 5.22427, -6.70971, 6.29712)
bind/31/name = &"R_Middle02"
bind/31/bone = -1
bind/31/pose = Transform3D(-0.145259, -0.698711, -0.700502, 0.983698, -0.177852, -0.0265867, -0.106009, -0.692945, 0.713155, 6.29529, -5.17497, 6.94232)
bind/32/name = &"R_Middle03"
bind/32/bone = -1
bind/32/pose = Transform3D(-0.267304, -0.659804, -0.702287, 0.921124, -0.388985, 0.0148569, -0.282982, -0.642923, 0.711739, 6.83206, -3.26508, 7.77414)
bind/33/name = &"R_Ring01"
bind/33/bone = -1
bind/33/pose = Transform3D(-0.0337156, -0.712077, -0.701291, 0.998846, -3.72529e-08, -0.0480211, 0.0341947, -0.702101, 0.711256, 5.52984, -6.56419, 6.19138)
bind/34/name = &"R_Ring02"
bind/34/bone = -1
bind/34/pose = Transform3D(-0.160237, -0.696152, -0.699783, 0.977458, -0.210643, -0.0142696, -0.137471, -0.686296, 0.714212, 6.25156, -4.85222, 7.21948)
bind/35/name = &"R_Ring03"
bind/35/bone = -1
bind/35/pose = Transform3D(-0.287524, -0.650059, -0.703387, 0.903027, -0.428727, 0.0270909, -0.319172, -0.627389, 0.710291, 6.76134, -2.77844, 8.0049)
bind/36/name = &"R_Pinky01"
bind/36/bone = -1
bind/36/pose = Transform3D(-0.0437957, -0.712077, -0.700734, 0.998052, -2.23517e-08, -0.062378, 0.044418, -0.702101, 0.710691, 5.49861, -6.56787, 6.22306)
bind/37/name = &"R_Pinky02"
bind/37/bone = -1
bind/37/pose = Transform3D(-0.0926655, -0.712821, -0.695197, 0.984226, -0.171251, 0.0444011, -0.150703, -0.680117, 0.717446, 5.83814, -5.14076, 7.35676)
bind/38/name = &"R_Pinky03"
bind/38/bone = -1
bind/38/pose = Transform3D(-0.287889, -0.650675, -0.702667, 0.870637, -0.483442, 0.0909621, -0.398885, -0.585582, 0.70568, 6.67999, -1.99834, 8.2968)
bind/39/name = &"R_Thumb01"
bind/39/bone = -1
bind/39/pose = Transform3D(0.467067, -0.737424, -0.487908, 0.824342, 0.163541, 0.541954, -0.319857, -0.655333, 0.684274, 2.95935, -6.18886, 7.69564)
bind/40/name = &"R_Thumb02"
bind/40/bone = -1
bind/40/pose = Transform3D(0.394863, -0.70777, -0.585786, 0.865531, 0.0727412, 0.495544, -0.30812, -0.702688, 0.64132, 3.13855, -5.92935, 7.99765)
bind/41/name = &"R_Thumb03"
bind/41/bone = -1
bind/41/pose = Transform3D(0.391475, -0.712053, -0.582862, 0.830139, -1.19209e-07, 0.557556, -0.39701, -0.702126, 0.591103, 3.19687, -5.2592, 8.55863)
bind/42/name = &"L_Leg01"
bind/42/bone = -1
bind/42/pose = Transform3D(0.780487, -0.00205889, 0.625169, -0.0977738, -0.988091, 0.118811, 0.617479, -0.153855, -0.771394, 1.41103, 5.31822, 0.0549209)
bind/43/name = &"L_Leg02"
bind/43/bone = -1
bind/43/pose = Transform3D(0.776671, 0.00982435, 0.629829, 0.0838255, -0.992597, -0.0878862, 0.624303, 0.121054, -0.771746, 1.37799, 2.92275, -0.758834)
bind/44/name = &"L_Foot"
bind/44/bone = -1
bind/44/pose = Transform3D(0.768923, 0.608111, 0.197378, -0.163525, -0.11139, 0.98023, 0.618075, -0.785998, 0.0137913, 0.597163, 1.33791, 0.600728)
bind/45/name = &"R_Leg01"
bind/45/bone = -1
bind/45/pose = Transform3D(0.780487, 0.00205889, -0.625169, 0.0977738, -0.988091, 0.118811, -0.617479, -0.153855, -0.771394, -1.41103, 5.31822, 0.0549209)
bind/46/name = &"R_Leg02"
bind/46/bone = -1
bind/46/pose = Transform3D(0.776671, -0.00982435, -0.629829, -0.0838255, -0.992597, -0.0878862, -0.624303, 0.121054, -0.771746, -1.37799, 2.92275, -0.758834)
bind/47/name = &"R_Foot"
bind/47/bone = -1
bind/47/pose = Transform3D(0.768923, -0.608111, -0.197378, 0.163525, -0.11139, 0.98023, -0.618075, -0.785998, 0.0137913, -0.597163, 1.33791, 0.600728)
bind/48/name = &"neutral_bone"
bind/48/bone = -1
bind/48/pose = Transform3D(1, 0, 0, 0, 0, -1, 0, 1, 0, -3.13935e-16, 0, 0)

[sub_resource type="StandardMaterial3D" id="StandardMaterial3D_vnrve"]
resource_name = "Material.004"
cull_mode = 2
albedo_color = Color(0.136356, 0.136356, 0.136356, 1)
roughness = 0.836788

[sub_resource type="StandardMaterial3D" id="StandardMaterial3D_nbws6"]
resource_name = "Material.005"
cull_mode = 2
albedo_color = Color(0.906332, 0.906332, 0.906332, 1)
roughness = 0.5

[sub_resource type="ArrayMesh" id="ArrayMesh_mboky"]
resource_name = "Legman_Cylinder"
_surfaces = [{
"aabb": AABB(-1.12477, 10.6101, -1.12477, 2.24954, 1.82507, 2.24954),
