[gd_scene load_steps=37 format=3 uid="uid://2juik52fhwxs"]

[ext_resource type="Script" path="res://Scripts/Client/Ragdoll.gd" id="1_s56no"]

[sub_resource type="StandardMaterial3D" id="StandardMaterial3D_kpfvm"]

[sub_resource type="ArrayMesh" id="ArrayMesh_cgvdv"]
resource_name = "Legman_Plane_001"
_surfaces = [{
"aabb": AABB(-1.46459, 10.2719, -1.00091, 2.92918, 1.41128, 2.90503),
"attribute_data": PackedByteArray(0, 0, 0, 0, 0, 0, 128, 63, 0, 0, 128, 63, 0, 0, 128, 63, 0, 0, 0, 0, 0, 0, 0, 0, 0, 0, 128, 63, 0, 0, 0, 0, 0, 0, 0, 0, 0, 0, 128, 63, 0, 0, 128, 63, 0, 0, 128, 63, 0, 0, 0, 0, 0, 0, 0, 0, 0, 0, 128, 63, 0, 0, 0, 0, 0, 0, 0, 0, 0, 0, 0, 0, 0, 0, 128, 63, 0, 0, 0, 0, 0, 0, 0, 0, 0, 0, 128, 63, 0, 0, 128, 63, 0, 0, 128, 63, 0, 0, 0, 0, 0, 0, 0, 0, 0, 0, 128, 63, 0, 0, 0, 0, 0, 0, 0, 0, 0, 0, 128, 63, 0, 0, 128, 63, 0, 0, 128, 63, 0, 0, 0, 0, 0, 0, 0, 0, 0, 0, 128, 63, 0, 0, 0, 0, 0, 0, 0, 0, 0, 0, 0, 0, 0, 0, 128, 63, 0, 0, 0, 0, 0, 0, 0, 0, 0, 0, 0, 0, 0, 0, 0, 0, 0, 0, 128, 63, 0, 0, 128, 63, 0, 0, 128, 63, 0, 0, 128, 63, 0, 0, 0, 0, 0, 0, 128, 63, 0, 0, 0, 0, 0, 0, 128, 63, 0, 0, 128, 63, 0, 0, 0, 0, 0, 0, 128, 63, 0, 0, 0, 0, 0, 0, 0, 0, 0, 0, 0, 0, 0, 0, 0, 0, 0, 0, 0, 0, 0, 0, 128, 63, 0, 0, 128, 63, 0, 0, 128, 63, 0, 0, 128, 63, 0, 0, 0, 0, 0, 0, 0, 0, 0, 0, 0, 0, 0, 0, 0, 0, 0, 0, 0, 0, 0, 0, 0, 0, 0, 0, 0, 0, 0, 0, 0, 0, 0, 0, 0, 0, 0, 0, 0, 0, 0, 0, 0, 0, 0, 0, 0, 0, 0, 0, 128, 63, 0, 0, 0, 0, 0, 0, 128, 63, 0, 0, 0, 0, 0, 0, 128, 63, 0, 0, 128, 63, 0, 0, 128, 63, 0, 0, 128, 63, 0, 0, 128, 63, 0, 0, 128, 63, 0, 0, 128, 63, 0, 0, 128, 63, 0, 0, 0, 0, 0, 0, 128, 63, 0, 0, 0, 0, 0, 0, 128, 63, 0, 0, 0, 0, 0, 0, 128, 63, 0, 0, 0, 0, 0, 0, 128, 63, 0, 0, 0, 0, 0, 0, 0, 0, 0, 0, 0, 0, 0, 0, 0, 0, 0, 0, 0, 0, 0, 0, 0, 0, 0, 0, 128, 63, 0, 0, 0, 0, 0, 0, 128, 63, 0, 0, 128, 63, 0, 0, 128, 63, 0, 0, 128, 63, 0, 0, 128, 63, 0, 0, 128, 63, 0, 0, 0, 0, 0, 0, 128, 63, 0, 0, 0, 0, 0, 0, 128, 63, 0, 0, 0, 0, 0, 0, 128, 63, 0, 0, 0, 0, 0, 0, 0, 0, 0, 0, 0, 0, 0, 0, 0, 0, 0, 0, 0, 0, 0, 0, 0, 0, 0, 0, 0, 0, 0, 0, 0, 0, 0, 0, 0, 0, 0, 0, 0, 0, 0, 0, 0, 0, 0, 0, 0, 0, 0, 0, 0, 0, 0, 0, 0, 0, 0, 0, 128, 63, 0, 0, 0, 0, 0, 0, 128, 63, 0, 0, 128, 63, 0, 0, 128, 63, 0, 0, 128, 63, 0, 0, 128, 63, 0, 0, 128, 63, 0, 0, 0, 0, 0, 0, 128, 63, 0, 0, 0, 0, 0, 0, 128, 63, 0, 0, 0, 0, 0, 0, 128, 63, 0, 0, 0, 0, 0, 0, 0, 0, 0, 0, 0, 0, 0, 0, 0, 0, 0, 0, 0, 0, 0, 0, 0, 0, 0, 0, 128, 63, 0, 0, 0, 0, 0, 0, 128, 63, 0, 0, 128, 63, 0, 0, 128, 63, 0, 0, 128, 63, 0, 0, 128, 63, 0, 0, 128, 63, 0, 0, 0, 0, 0, 0, 128, 63, 0, 0, 0, 0, 0, 0, 128, 63, 0, 0, 0, 0, 0, 0, 128, 63, 0, 0, 0, 0, 0, 0, 0, 0, 0, 0, 0, 0, 0, 0, 0, 0, 0, 0, 0, 0, 0, 0, 128, 63, 0, 0, 0, 0, 0, 0, 128, 63, 0, 0, 0, 0, 0, 0, 0, 0, 0, 0, 0, 0, 0, 0, 0, 0, 0, 0, 0, 0, 0, 0, 128, 63, 0, 0, 0, 0, 0, 0, 128, 63, 0, 0, 128, 63, 0, 0, 0, 0, 0, 0, 128, 63, 0, 0, 0, 0, 0, 0, 0, 0, 0, 0, 0, 0, 0, 0, 128, 63, 0, 0, 128, 63, 0, 0, 128, 63, 0, 0, 128, 63, 0, 0, 128, 63, 0, 0, 0, 0, 0, 0, 0, 0, 0, 0, 128, 63, 0, 0, 0, 0, 0, 0, 0, 0, 0, 0, 128, 63, 0, 0, 128, 63, 0, 0, 128, 63, 0, 0, 0, 0, 0, 0, 0, 0, 0, 0, 128, 63, 0, 0, 0, 0, 0, 0, 0, 0, 0, 0, 0, 0, 0, 0, 0, 0, 0, 0, 0, 0, 0, 0, 128, 63, 0, 0, 0, 0, 0, 0, 128, 63, 0, 0, 0, 0, 0, 0, 0, 0, 0, 0, 128, 63, 0, 0, 128, 63, 0, 0, 128, 63),
"bone_aabbs": [AABB(0, 0, 0, -1, -1, -1), AABB(0, 0, 0, -1, -1, -1), AABB(0, 0, 0, -1, -1, -1), AABB(-1.46459, 10.2719, -1.00091, 2.92918, 1.41128, 2.90503), AABB(0, 0, 0, -1, -1, -1), AABB(0, 0, 0, -1, -1, -1), AABB(0, 0, 0, -1, -1, -1), AABB(0, 0, 0, -1, -1, -1), AABB(0, 0, 0, -1, -1, -1), AABB(0, 0, 0, -1, -1, -1), AABB(0, 0, 0, -1, -1, -1), AABB(0, 0, 0, -1, -1, -1), AABB(0, 0, 0, -1, -1, -1), AABB(0, 0, 0, -1, -1, -1), AABB(0, 0, 0, -1, -1, -1), AABB(0, 0, 0, -1, -1, -1), AABB(0, 0, 0, -1, -1, -1), AABB(0, 0, 0, -1, -1, -1), AABB(0, 0, 0, -1, -1, -1), AABB(0, 0, 0, -1, -1, -1), AABB(0, 0, 0, -1, -1, -1), AABB(0, 0, 0, -1, -1, -1), AABB(0, 0, 0, -1, -1, -1), AABB(0, 0, 0, -1, -1, -1), AABB(0, 0, 0, -1, -1, -1), AABB(0.216224, 10.3321, 1.89727, 1e-05, 1e-05, 1e-05)],
"format": 34359745559,
"index_count": 180,
"index_data": PackedByteArray(25, 0, 84, 0, 88, 0, 25, 0, 22, 0, 84, 0, 43, 0, 52, 0, 41, 0, 43, 0, 54, 0, 52, 0, 37, 0, 48, 0, 32, 0, 37, 0, 50, 0, 48, 0, 33, 0, 56, 0, 44, 0, 33, 0, 58, 0, 56, 0, 64, 0, 68, 0, 60, 0, 64, 0, 66, 0, 68, 0, 69, 0, 76, 0, 78, 0, 69, 0, 67, 0, 76, 0, 65, 0, 72, 0, 74, 0, 65, 0, 61, 0, 72, 0, 62, 0, 80, 0, 82, 0, 62, 0, 70, 0, 80, 0, 40, 0, 10, 0, 38, 0, 40, 0, 11, 0, 10, 0, 51, 0, 73, 0, 49, 0, 51, 0, 75, 0, 73, 0, 55, 0, 77, 0, 53, 0, 55, 0, 79, 0, 77, 0, 45, 0, 17, 0, 7, 0, 45, 0, 71, 0, 17, 0, 5, 0, 11, 0, 40, 0, 5, 0, 15, 0, 11, 0, 38, 0, 14, 0, 4, 0, 38, 0, 10, 0, 14, 0, 6, 0, 63, 0, 34, 0, 6, 0, 16, 0, 63, 0, 59, 0, 81, 0, 57, 0, 59, 0, 83, 0, 81, 0, 2, 0, 18, 0, 8, 0, 2, 0, 12, 0, 18, 0, 9, 0, 13, 0, 3, 0, 9, 0, 19, 0, 13, 0, 22, 0, 31, 0, 84, 0, 22, 0, 30, 0, 31, 0, 27, 0, 21, 0, 90, 0, 27, 0, 86, 0, 21, 0, 24, 0, 87, 0, 91, 0, 24, 0, 85, 0, 87, 0, 26, 0, 22, 0, 89, 0, 26, 0, 21, 0, 22, 0, 39, 0, 89, 0, 42, 0, 39, 0, 26, 0, 89, 0, 46, 0, 91, 0, 35, 0, 46, 0, 24, 0, 91, 0, 36, 0, 90, 0, 0, 0, 36, 0, 27, 0, 90, 0, 1, 0, 88, 0, 47, 0, 1, 0, 25, 0, 88, 0, 29, 0, 31, 0, 30, 0, 29, 0, 28, 0, 31, 0, 86, 0, 29, 0, 21, 0, 86, 0, 28, 0, 29, 0, 23, 0, 28, 0, 20, 0, 23, 0, 31, 0, 28, 0, 21, 0, 30, 0, 22, 0, 21, 0, 29, 0, 30, 0),
"lods": [0.46184, PackedByteArray(93, 0, 103, 0, 88, 0, 93, 0, 101, 0, 103, 0, 93, 0, 88, 0, 3, 0, 27, 0, 101, 0, 94, 0, 2, 0, 27, 0, 94, 0, 2, 0, 94, 0, 92, 0, 9, 0, 13, 0, 3, 0, 2, 0, 18, 0, 9, 0, 9, 0, 18, 0, 13, 0, 2, 0, 12, 0, 18, 0, 13, 0, 76, 0, 78, 0, 13, 0, 67, 0, 76, 0, 65, 0, 12, 0, 72, 0, 65, 0, 72, 0, 74, 0, 43, 0, 52, 0, 41, 0, 43, 0, 54, 0, 52, 0, 37, 0, 48, 0, 32, 0, 37, 0, 50, 0, 48, 0, 33, 0, 56, 0, 44, 0, 64, 0, 68, 0, 60, 0, 64, 0, 66, 0, 68, 0, 62, 0, 70, 0, 82, 0, 6, 0, 16, 0, 62, 0, 6, 0, 62, 0, 34, 0, 45, 0, 70, 0, 17, 0, 45, 0, 17, 0, 7, 0, 45, 0, 91, 0, 34, 0, 45, 0, 24, 0, 91, 0, 24, 0, 102, 0, 91, 0, 24, 0, 104, 0, 102, 0, 106, 0, 10, 0, 105, 0, 106, 0, 11, 0, 10, 0, 5, 0, 15, 0, 11, 0, 5, 0, 98, 0, 106, 0, 105, 0, 97, 0, 14, 0, 105, 0, 14, 0, 4, 0, 51, 0, 99, 0, 95, 0, 51, 0, 75, 0, 99, 0, 96, 0, 77, 0, 53, 0, 96, 0, 100, 0, 77, 0)],
"material": SubResource("StandardMaterial3D_kpfvm"),
"primitive": 3,
"skin_data": PackedByteArray(3, 0, 0, 0, 0, 0, 0, 0, 255, 255, 0, 0, 0, 0, 0, 0, 3, 0, 0, 0, 0, 0, 0, 0, 255, 255, 0, 0, 0, 0, 0, 0, 3, 0, 0, 0, 0, 0, 0, 0, 255, 255, 0, 0, 0, 0, 0, 0, 3, 0, 0, 0, 0, 0, 0, 0, 255, 255, 0, 0, 0, 0, 0, 0, 3, 0, 0, 0, 0, 0, 0, 0, 255, 255, 0, 0, 0, 0, 0, 0, 3, 0, 0, 0, 0, 0, 0, 0, 255, 255, 0, 0, 0, 0, 0, 0, 3, 0, 0, 0, 0, 0, 0, 0, 255, 255, 0, 0, 0, 0, 0, 0, 3, 0, 0, 0, 0, 0, 0, 0, 255, 255, 0, 0, 0, 0, 0, 0, 3, 0, 0, 0, 0, 0, 0, 0, 255, 255, 0, 0, 0, 0, 0, 0, 3, 0, 0, 0, 0, 0, 0, 0, 255, 255, 0, 0, 0, 0, 0, 0, 3, 0, 0, 0, 0, 0, 0, 0, 255, 255, 0, 0, 0, 0, 0, 0, 3, 0, 0, 0, 0, 0, 0, 0, 255, 255, 0, 0, 0, 0, 0, 0, 3, 0, 0, 0, 0, 0, 0, 0, 255, 255, 0, 0, 0, 0, 0, 0, 3, 0, 0, 0, 0, 0, 0, 0, 255, 255, 0, 0, 0, 0, 0, 0, 3, 0, 0, 0, 0, 0, 0, 0, 255, 255, 0, 0, 0, 0, 0, 0, 3, 0, 0, 0, 0, 0, 0, 0, 255, 255, 0, 0, 0, 0, 0, 0, 3, 0, 0, 0, 0, 0, 0, 0, 255, 255, 0, 0, 0, 0, 0, 0, 3, 0, 0, 0, 0, 0, 0, 0, 255, 255, 0, 0, 0, 0, 0, 0, 3, 0, 0, 0, 0, 0, 0, 0, 255, 255, 0, 0, 0, 0, 0, 0, 3, 0, 0, 0, 0, 0, 0, 0, 255, 255, 0, 0, 0, 0, 0, 0, 3, 0, 0, 0, 0, 0, 0, 0, 255, 255, 0, 0, 0, 0, 0, 0, 3, 0, 0, 0, 0, 0, 0, 0, 255, 255, 0, 0, 0, 0, 0, 0, 3, 0, 0, 0, 0, 0, 0, 0, 255, 255, 0, 0, 0, 0, 0, 0, 3, 0, 0, 0, 0, 0, 0, 0, 255, 255, 0, 0, 0, 0, 0, 0, 3, 0, 0, 0, 0, 0, 0, 0, 255, 255, 0, 0, 0, 0, 0, 0, 3, 0, 0, 0, 0, 0, 0, 0, 255, 255, 0, 0, 0, 0, 0, 0, 3, 0, 0, 0, 0, 0, 0, 0, 255, 255, 0, 0, 0, 0, 0, 0, 3, 0, 0, 0, 0, 0, 0, 0, 255, 255, 0, 0, 0, 0, 0, 0, 3, 0, 0, 0, 0, 0, 0, 0, 255, 255, 0, 0, 0, 0, 0, 0, 3, 0, 0, 0, 0, 0, 0, 0, 255, 255, 0, 0, 0, 0, 0, 0, 3, 0, 0, 0, 0, 0, 0, 0, 255, 255, 0, 0, 0, 0, 0, 0, 3, 0, 0, 0, 0, 0, 0, 0, 255, 255, 0, 0, 0, 0, 0, 0, 3, 0, 0, 0, 0, 0, 0, 0, 255, 255, 0, 0, 0, 0, 0, 0, 3, 0, 0, 0, 0, 0, 0, 0, 255, 255, 0, 0, 0, 0, 0, 0, 3, 0, 0, 0, 0, 0, 0, 0, 255, 255, 0, 0, 0, 0, 0, 0, 3, 0, 0, 0, 0, 0, 0, 0, 255, 255, 0, 0, 0, 0, 0, 0, 3, 0, 0, 0, 0, 0, 0, 0, 255, 255, 0, 0, 0, 0, 0, 0, 3, 0, 0, 0, 0, 0, 0, 0, 255, 255, 0, 0, 0, 0, 0, 0, 3, 0, 0, 0, 0, 0, 0, 0, 255, 255, 0, 0, 0, 0, 0, 0, 3, 0, 0, 0, 0, 0, 0, 0, 255, 255, 0, 0, 0, 0, 0, 0, 3, 0, 0, 0, 0, 0, 0, 0, 255, 255, 0, 0, 0, 0, 0, 0, 3, 0, 25, 0, 0, 0, 0, 0, 132, 242, 122, 13, 0, 0, 0, 0, 3, 0, 0, 0, 0, 0, 0, 0, 255, 255, 0, 0, 0, 0, 0, 0, 3, 0, 0, 0, 0, 0, 0, 0, 255, 255, 0, 0, 0, 0, 0, 0, 3, 0, 0, 0, 0, 0, 0, 0, 255, 255, 0, 0, 0, 0, 0, 0, 3, 0, 0, 0, 0, 0, 0, 0, 255, 255, 0, 0, 0, 0, 0, 0, 3, 0, 0, 0, 0, 0, 0, 0, 255, 255, 0, 0, 0, 0, 0, 0, 3, 0, 0, 0, 0, 0, 0, 0, 255, 255, 0, 0, 0, 0, 0, 0, 3, 0, 0, 0, 0, 0, 0, 0, 255, 255, 0, 0, 0, 0, 0, 0, 3, 0, 0, 0, 0, 0, 0, 0, 255, 255, 0, 0, 0, 0, 0, 0, 3, 0, 0, 0, 0, 0, 0, 0, 255, 255, 0, 0, 0, 0, 0, 0, 3, 0, 0, 0, 0, 0, 0, 0, 255, 255, 0, 0, 0, 0, 0, 0, 3, 0, 0, 0, 0, 0, 0, 0, 255, 255, 0, 0, 0, 0, 0, 0, 3, 0, 0, 0, 0, 0, 0, 0, 255, 255, 0, 0, 0, 0, 0, 0, 3, 0, 0, 0, 0, 0, 0, 0, 255, 255, 0, 0, 0, 0, 0, 0, 3, 0, 0, 0, 0, 0, 0, 0, 255, 255, 0, 0, 0, 0, 0, 0, 3, 0, 0, 0, 0, 0, 0, 0, 255, 255, 0, 0, 0, 0, 0, 0, 3, 0, 0, 0, 0, 0, 0, 0, 255, 255, 0, 0, 0, 0, 0, 0, 3, 0, 0, 0, 0, 0, 0, 0, 255, 255, 0, 0, 0, 0, 0, 0, 3, 0, 0, 0, 0, 0, 0, 0, 255, 255, 0, 0, 0, 0, 0, 0, 3, 0, 0, 0, 0, 0, 0, 0, 255, 255, 0, 0, 0, 0, 0, 0, 3, 0, 0, 0, 0, 0, 0, 0, 255, 255, 0, 0, 0, 0, 0, 0, 3, 0, 0, 0, 0, 0, 0, 0, 255, 255, 0, 0, 0, 0, 0, 0, 3, 0, 0, 0, 0, 0, 0, 0, 255, 255, 0, 0, 0, 0, 0, 0, 3, 0, 0, 0, 0, 0, 0, 0, 255, 255, 0, 0, 0, 0, 0, 0, 3, 0, 0, 0, 0, 0, 0, 0, 255, 255, 0, 0, 0, 0, 0, 0, 3, 0, 0, 0, 0, 0, 0, 0, 255, 255, 0, 0, 0, 0, 0, 0, 3, 0, 0, 0, 0, 0, 0, 0, 255, 255, 0, 0, 0, 0, 0, 0, 3, 0, 0, 0, 0, 0, 0, 0, 255, 255, 0, 0, 0, 0, 0, 0, 3, 0, 0, 0, 0, 0, 0, 0, 255, 255, 0, 0, 0, 0, 0, 0, 3, 0, 0, 0, 0, 0, 0, 0, 255, 255, 0, 0, 0, 0, 0, 0, 3, 0, 0, 0, 0, 0, 0, 0, 255, 255, 0, 0, 0, 0, 0, 0, 3, 0, 0, 0, 0, 0, 0, 0, 255, 255, 0, 0, 0, 0, 0, 0, 3, 0, 0, 0, 0, 0, 0, 0, 255, 255, 0, 0, 0, 0, 0, 0, 3, 0, 0, 0, 0, 0, 0, 0, 255, 255, 0, 0, 0, 0, 0, 0, 3, 0, 0, 0, 0, 0, 0, 0, 255, 255, 0, 0, 0, 0, 0, 0, 3, 0, 0, 0, 0, 0, 0, 0, 255, 255, 0, 0, 0, 0, 0, 0, 3, 0, 0, 0, 0, 0, 0, 0, 255, 255, 0, 0, 0, 0, 0, 0, 3, 0, 0, 0, 0, 0, 0, 0, 255, 255, 0, 0, 0, 0, 0, 0, 3, 0, 0, 0, 0, 0, 0, 0, 255, 255, 0, 0, 0, 0, 0, 0, 3, 0, 0, 0, 0, 0, 0, 0, 255, 255, 0, 0, 0, 0, 0, 0, 3, 0, 0, 0, 0, 0, 0, 0, 255, 255, 0, 0, 0, 0, 0, 0, 3, 0, 0, 0, 0, 0, 0, 0, 255, 255, 0, 0, 0, 0, 0, 0, 3, 0, 0, 0, 0, 0, 0, 0, 255, 255, 0, 0, 0, 0, 0, 0, 3, 0, 0, 0, 0, 0, 0, 0, 255, 255, 0, 0, 0, 0, 0, 0, 3, 0, 0, 0, 0, 0, 0, 0, 255, 255, 0, 0, 0, 0, 0, 0, 3, 0, 0, 0, 0, 0, 0, 0, 255, 255, 0, 0, 0, 0, 0, 0, 3, 0, 0, 0, 0, 0, 0, 0, 255, 255, 0, 0, 0, 0, 0, 0, 3, 0, 0, 0, 0, 0, 0, 0, 255, 255, 0, 0, 0, 0, 0, 0, 3, 0, 0, 0, 0, 0, 0, 0, 255, 255, 0, 0, 0, 0, 0, 0, 3, 0, 0, 0, 0, 0, 0, 0, 255, 255, 0, 0, 0, 0, 0, 0, 3, 0, 0, 0, 0, 0, 0, 0, 255, 255, 0, 0, 0, 0, 0, 0, 3, 0, 0, 0, 0, 0, 0, 0, 255, 255, 0, 0, 0, 0, 0, 0, 3, 0, 0, 0, 0, 0, 0, 0, 255, 255, 0, 0, 0, 0, 0, 0, 3, 0, 0, 0, 0, 0, 0, 0, 255, 255, 0, 0, 0, 0, 0, 0, 3, 0, 0, 0, 0, 0, 0, 0, 255, 255, 0, 0, 0, 0, 0, 0, 3, 0, 0, 0, 0, 0, 0, 0, 255, 255, 0, 0, 0, 0, 0, 0, 3, 0, 0, 0, 0, 0, 0, 0, 255, 255, 0, 0, 0, 0, 0, 0, 3, 0, 0, 0, 0, 0, 0, 0, 255, 255, 0, 0, 0, 0, 0, 0, 3, 0, 0, 0, 0, 0, 0, 0, 255, 255, 0, 0, 0, 0, 0, 0, 3, 0, 0, 0, 0, 0, 0, 0, 255, 255, 0, 0, 0, 0, 0, 0, 3, 0, 0, 0, 0, 0, 0, 0, 255, 255, 0, 0, 0, 0, 0, 0, 3, 0, 0, 0, 0, 0, 0, 0, 255, 255, 0, 0, 0, 0, 0, 0, 3, 0, 0, 0, 0, 0, 0, 0, 255, 255, 0, 0, 0, 0, 0, 0, 3, 0, 0, 0, 0, 0, 0, 0, 255, 255, 0, 0, 0, 0, 0, 0, 3, 0, 0, 0, 0, 0, 0, 0, 255, 255, 0, 0, 0, 0, 0, 0, 3, 0, 0, 0, 0, 0, 0, 0, 255, 255, 0, 0, 0, 0, 0, 0),
"uv_scale": Vector4(0, 0, 0, 0),
"vertex_count": 107,
"vertex_data": PackedByteArray(212, 105, 93, 190, 82, 80, 37, 65, 185, 217, 242, 63, 211, 105, 93, 62, 82, 80, 37, 65, 186, 217, 242, 63, 182, 68, 181, 191, 144, 226, 42, 65, 112, 112, 118, 191, 171, 68, 181, 63, 145, 226, 42, 65, 113, 112, 118, 191, 156, 188, 138, 189, 236, 82, 55, 65, 29, 7, 168, 63, 156, 188, 138, 61, 236, 82, 55, 65, 29, 7, 168, 63, 59, 181, 48, 191, 215, 103, 58, 65, 165, 1, 54, 190, 59, 181, 48, 63, 215, 103, 58, 65, 165, 1, 54, 190, 146, 151, 24, 191, 235, 119, 58, 65, 80, 129, 239, 190, 146, 151, 24, 63, 235, 119, 58, 65, 80, 129, 239, 190, 214, 162, 128, 190, 165, 89, 36, 65, 249, 185, 243, 63, 214, 162, 128, 62, 165, 89, 36, 65, 249, 185, 243, 63, 184, 119, 187, 191, 80, 91, 42, 65, 237, 29, 128, 191, 184, 119, 187, 63, 80, 91, 42, 65, 237, 29, 128, 191, 27, 255, 3, 190, 11, 162, 55, 65, 247, 157, 171, 63, 27, 255, 3, 62, 11, 162, 55, 65, 247, 157, 171, 63, 110, 93, 64, 191, 246, 182, 58, 65, 214, 74, 25, 190, 110, 93, 64, 63, 246, 182, 58, 65, 214, 74, 25, 190, 146, 151, 24, 191, 65, 238, 58, 65, 59, 19, 8, 191, 146, 151, 24, 63, 65, 238, 58, 65, 59, 19, 8, 191, 48, 249, 49, 191, 193, 17, 52, 65, 73, 82, 6, 191, 240, 115, 251, 189, 92, 105, 49, 65, 59, 242, 86, 63, 84, 12, 171, 61, 92, 105, 49, 65, 56, 242, 86, 63, 60, 236, 39, 63, 193, 17, 52, 65, 73, 82, 6, 191, 129, 243, 133, 63, 182, 198, 47, 65, 2, 3, 64, 191, 233, 214, 17, 62, 211, 216, 44, 65, 68, 197, 183, 63, 152, 54, 39, 190, 177, 223, 44, 65, 230, 223, 183, 63, 151, 108, 136, 191, 47, 193, 47, 65, 240, 237, 63, 191, 161, 185, 140, 190, 94, 23, 53, 65, 60, 123, 176, 189, 252, 4, 112, 189, 83, 22, 52, 65, 173, 198, 219, 62, 128, 107, 158, 60, 83, 22, 52, 65, 171, 198, 219, 62, 114, 63, 113, 62, 94, 23, 53, 65, 60, 123, 176, 189, 182, 68, 181, 191, 144, 226, 42, 65, 112, 112, 118, 191, 182, 68, 181, 191, 144, 226, 42, 65, 112, 112, 118, 191, 182, 68, 181, 191, 144, 226, 42, 65, 112, 112, 118, 191, 182, 68, 181, 191, 144, 226, 42, 65, 112, 112, 118, 191, 182, 68, 181, 191, 144, 226, 42, 65, 112, 112, 118, 191, 212, 105, 93, 190, 82, 80, 37, 65, 185, 217, 242, 63, 212, 105, 93, 190, 82, 80, 37, 65, 185, 217, 242, 63, 212, 105, 93, 190, 82, 80, 37, 65, 185, 217, 242, 63, 211, 105, 93, 62, 82, 80, 37, 65, 186, 217, 242, 63, 211, 105, 93, 62, 82, 80, 37, 65, 186, 217, 242, 63, 211, 105, 93, 62, 82, 80, 37, 65, 186, 217, 242, 63, 171, 68, 181, 63, 145, 226, 42, 65, 113, 112, 118, 191, 171, 68, 181, 63, 145, 226, 42, 65, 113, 112, 118, 191, 171, 68, 181, 63, 145, 226, 42, 65, 113, 112, 118, 191, 171, 68, 181, 63, 145, 226, 42, 65, 113, 112, 118, 191, 171, 68, 181, 63, 145, 226, 42, 65, 113, 112, 118, 191, 59, 181, 48, 191, 215, 103, 58, 65, 165, 1, 54, 190, 59, 181, 48, 191, 215, 103, 58, 65, 165, 1, 54, 190, 156, 188, 138, 189, 236, 82, 55, 65, 29, 7, 168, 63, 156, 188, 138, 189, 236, 82, 55, 65, 29, 7, 168, 63, 156, 188, 138, 61, 236, 82, 55, 65, 29, 7, 168, 63, 156, 188, 138, 61, 236, 82, 55, 65, 29, 7, 168, 63, 59, 181, 48, 63, 215, 103, 58, 65, 165, 1, 54, 190, 59, 181, 48, 63, 215, 103, 58, 65, 165, 1, 54, 190, 146, 151, 24, 63, 235, 119, 58, 65, 80, 129, 239, 190, 146, 151, 24, 63, 235, 119, 58, 65, 80, 129, 239, 190, 146, 151, 24, 191, 235, 119, 58, 65, 80, 129, 239, 190, 146, 151, 24, 191, 235, 119, 58, 65, 80, 129, 239, 190, 184, 119, 187, 191, 80, 91, 42, 65, 237, 29, 128, 191, 184, 119, 187, 191, 80, 91, 42, 65, 237, 29, 128, 191, 184, 119, 187, 191, 80, 91, 42, 65, 237, 29, 128, 191, 184, 119, 187, 191, 80, 91, 42, 65, 237, 29, 128, 191, 214, 162, 128, 190, 165, 89, 36, 65, 249, 185, 243, 63, 214, 162, 128, 190, 165, 89, 36, 65, 249, 185, 243, 63, 214, 162, 128, 62, 165, 89, 36, 65, 249, 185, 243, 63, 214, 162, 128, 62, 165, 89, 36, 65, 249, 185, 243, 63, 184, 119, 187, 63, 80, 91, 42, 65, 237, 29, 128, 191, 184, 119, 187, 63, 80, 91, 42, 65, 237, 29, 128, 191, 184, 119, 187, 63, 80, 91, 42, 65, 237, 29, 128, 191, 184, 119, 187, 63, 80, 91, 42, 65, 237, 29, 128, 191, 110, 93, 64, 191, 246, 182, 58, 65, 214, 74, 25, 190, 110, 93, 64, 191, 246, 182, 58, 65, 214, 74, 25, 190, 27, 255, 3, 190, 11, 162, 55, 65, 247, 157, 171, 63, 27, 255, 3, 190, 11, 162, 55, 65, 247, 157, 171, 63, 27, 255, 3, 62, 11, 162, 55, 65, 247, 157, 171, 63, 27, 255, 3, 62, 11, 162, 55, 65, 247, 157, 171, 63, 110, 93, 64, 63, 246, 182, 58, 65, 214, 74, 25, 190, 110, 93, 64, 63, 246, 182, 58, 65, 214, 74, 25, 190, 146, 151, 24, 63, 65, 238, 58, 65, 59, 19, 8, 191, 146, 151, 24, 63, 65, 238, 58, 65, 59, 19, 8, 191, 146, 151, 24, 191, 65, 238, 58, 65, 59, 19, 8, 191, 146, 151, 24, 191, 65, 238, 58, 65, 59, 19, 8, 191, 60, 236, 39, 63, 193, 17, 52, 65, 73, 82, 6, 191, 60, 236, 39, 63, 193, 17, 52, 65, 73, 82, 6, 191, 48, 249, 49, 191, 193, 17, 52, 65, 73, 82, 6, 191, 48, 249, 49, 191, 193, 17, 52, 65, 73, 82, 6, 191, 129, 243, 133, 63, 182, 198, 47, 65, 2, 3, 64, 191, 233, 214, 17, 62, 211, 216, 44, 65, 68, 197, 183, 63, 152, 54, 39, 190, 177, 223, 44, 65, 230, 223, 183, 63, 151, 108, 136, 191, 47, 193, 47, 65, 240, 237, 63, 191, 212, 105, 93, 190, 82, 80, 37, 65, 185, 217, 242, 63, 211, 105, 93, 62, 82, 80, 37, 65, 186, 217, 242, 63, 211, 105, 93, 62, 82, 80, 37, 65, 186, 217, 242, 63, 59, 181, 48, 191, 215, 103, 58, 65, 165, 1, 54, 190, 59, 181, 48, 63, 215, 103, 58, 65, 165, 1, 54, 190, 214, 162, 128, 190, 165, 89, 36, 65, 249, 185, 243, 63, 214, 162, 128, 62, 165, 89, 36, 65, 249, 185, 243, 63, 110, 93, 64, 191, 246, 182, 58, 65, 214, 74, 25, 190, 110, 93, 64, 63, 246, 182, 58, 65, 214, 74, 25, 190, 48, 249, 49, 191, 193, 17, 52, 65, 73, 82, 6, 191, 48, 249, 49, 191, 193, 17, 52, 65, 73, 82, 6, 191, 60, 236, 39, 63, 193, 17, 52, 65, 73, 82, 6, 191, 60, 236, 39, 63, 193, 17, 52, 65, 73, 82, 6, 191, 212, 105, 93, 190, 82, 80, 37, 65, 185, 217, 242, 63, 211, 105, 93, 62, 82, 80, 37, 65, 186, 217, 242, 63, 201, 68, 239, 167, 255, 255, 255, 63, 147, 185, 253, 169, 255, 255, 255, 63, 72, 66, 139, 166, 255, 255, 255, 63, 182, 189, 139, 166, 255, 255, 255, 63, 158, 140, 22, 165, 255, 255, 255, 63, 96, 115, 22, 165, 255, 255, 255, 63, 171, 57, 69, 255, 255, 255, 255, 191, 83, 198, 69, 255, 255, 255, 255, 191, 72, 66, 139, 166, 255, 255, 255, 63, 182, 189, 139, 166, 255, 255, 255, 63, 13, 133, 174, 150, 255, 255, 255, 63, 241, 122, 174, 150, 255, 255, 255, 63, 72, 66, 139, 166, 255, 255, 255, 63, 182, 189, 139, 166, 255, 255, 255, 63, 158, 140, 22, 165, 255, 255, 255, 63, 96, 115, 22, 165, 255, 255, 255, 63, 171, 57, 69, 255, 255, 255, 255, 191, 83, 198, 69, 255, 255, 255, 255, 191, 72, 66, 139, 166, 255, 255, 255, 63, 182, 189, 139, 166, 255, 255, 255, 63, 68, 144, 255, 255, 255, 255, 255, 191, 214, 101, 130, 198, 255, 255, 255, 63, 94, 153, 111, 199, 255, 255, 255, 63, 68, 144, 255, 255, 255, 255, 255, 191, 245, 53, 250, 255, 255, 255, 255, 191, 122, 183, 193, 172, 255, 255, 255, 63, 69, 128, 244, 201, 255, 255, 255, 63, 179, 71, 200, 171, 255, 255, 255, 63, 89, 108, 143, 226, 43, 233, 96, 202, 129, 111, 19, 215, 128, 232, 43, 201, 125, 144, 19, 215, 165, 237, 63, 180, 165, 147, 143, 226, 59, 235, 149, 180, 8, 230, 163, 69, 255, 255, 255, 191, 255, 127, 223, 84, 255, 255, 255, 63, 171, 57, 69, 255, 255, 255, 255, 191, 150, 52, 250, 255, 255, 255, 255, 191, 201, 68, 239, 167, 255, 255, 255, 63, 8, 230, 163, 69, 255, 255, 255, 191, 216, 135, 2, 156, 255, 255, 255, 63, 55, 128, 43, 191, 255, 255, 255, 63, 38, 120, 2, 156, 255, 255, 255, 63, 246, 25, 163, 69, 255, 255, 255, 191, 55, 128, 43, 191, 255, 255, 255, 63, 246, 25, 163, 69, 255, 255, 255, 191, 255, 127, 223, 84, 255, 255, 255, 63, 83, 198, 69, 255, 255, 255, 255, 191, 150, 52, 250, 255, 255, 255, 255, 191, 147, 185, 253, 169, 255, 255, 255, 63, 8, 230, 163, 69, 255, 255, 255, 191, 208, 158, 103, 225, 255, 255, 255, 191, 8, 230, 163, 69, 255, 255, 255, 191, 208, 158, 103, 225, 255, 255, 255, 191, 246, 25, 163, 69, 255, 255, 255, 191, 46, 97, 103, 225, 255, 255, 255, 191, 246, 25, 163, 69, 255, 255, 255, 191, 46, 97, 103, 225, 255, 255, 255, 191, 255, 127, 223, 84, 255, 255, 255, 63, 255, 127, 22, 216, 255, 255, 255, 63, 255, 127, 223, 84, 255, 255, 255, 63, 255, 127, 22, 216, 255, 255, 255, 63, 166, 142, 0, 0, 255, 255, 255, 63, 219, 55, 199, 150, 255, 255, 255, 63, 22, 216, 255, 255, 255, 255, 255, 191, 171, 57, 69, 255, 255, 255, 255, 191, 166, 142, 0, 0, 255, 255, 255, 63, 219, 55, 199, 150, 255, 255, 255, 63, 166, 142, 0, 0, 255, 255, 255, 63, 35, 200, 199, 150, 255, 255, 255, 63, 166, 142, 0, 0, 255, 255, 255, 63, 35, 200, 199, 150, 255, 255, 255, 63, 22, 216, 255, 255, 255, 255, 255, 191, 83, 198, 69, 255, 255, 255, 255, 191, 219, 55, 199, 150, 255, 255, 255, 63, 208, 158, 103, 225, 255, 255, 255, 191, 219, 55, 199, 150, 255, 255, 255, 63, 208, 158, 103, 225, 255, 255, 255, 191, 35, 200, 199, 150, 255, 255, 255, 63, 46, 97, 103, 225, 255, 255, 255, 191, 35, 200, 199, 150, 255, 255, 255, 63, 46, 97, 103, 225, 255, 255, 255, 191, 22, 216, 255, 255, 255, 255, 255, 191, 255, 127, 22, 216, 255, 255, 255, 63, 22, 216, 255, 255, 255, 255, 255, 191, 255, 127, 22, 216, 255, 255, 255, 63, 131, 173, 156, 185, 255, 255, 255, 63, 79, 58, 248, 255, 255, 255, 255, 191, 54, 81, 8, 184, 255, 255, 255, 63, 79, 58, 248, 255, 255, 255, 255, 191, 181, 182, 199, 173, 255, 255, 255, 63, 69, 128, 185, 201, 255, 255, 255, 63, 215, 70, 166, 170, 255, 255, 255, 63, 2, 54, 250, 255, 255, 255, 255, 191, 247, 82, 188, 175, 255, 255, 255, 63, 76, 173, 111, 181, 255, 255, 255, 63, 133, 83, 160, 176, 255, 255, 255, 63, 208, 158, 103, 225, 255, 255, 255, 191, 46, 97, 103, 225, 255, 255, 255, 191, 52, 75, 182, 168, 255, 255, 255, 63, 132, 173, 251, 174, 255, 255, 255, 63, 208, 158, 103, 225, 255, 255, 255, 191, 46, 97, 103, 225, 255, 255, 255, 191, 207, 93, 26, 194, 255, 255, 255, 191, 112, 56, 249, 255, 255, 255, 255, 191, 123, 168, 181, 189, 255, 255, 255, 191, 230, 56, 248, 255, 255, 255, 255, 191, 137, 120, 97, 168, 255, 255, 255, 63, 199, 136, 38, 166, 255, 255, 255, 63)
}]
blend_shape_mode = 0

[sub_resource type="Skin" id="Skin_1j2o8"]
resource_name = "Skin"
bind_count = 49
bind/0/name = &"Body01"
bind/0/bone = -1
bind/0/pose = Transform3D(1, -1.72956e-16, 1.49695e-16, 1.49695e-16, 0.989659, 0.14344, -1.72956e-16, -0.14344, 0.989659, -2.26454e-16, -5.09642, 2.28296)
bind/1/name = &"Body02"
bind/1/bone = -1
bind/1/pose = Transform3D(1, -2.4435e-08, 2.37163e-07, 5.32907e-15, 0.994734, 0.102488, -2.38419e-07, -0.102488, 0.994734, 4.79711e-07, -6.60797, 2.01205)
bind/2/name = &"Neck"
bind/2/bone = -1
bind/2/pose = Transform3D(1, 9.7031e-08, -2.17781e-07, 1.42109e-14, 0.913438, 0.406977, 2.38419e-07, -0.406978, 0.913438, -1.0718e-06, -7.26233, 4.49547)
bind/3/name = &"Head"
bind/3/bone = -1
bind/3/pose = Transform3D(1, 1.82006e-07, -1.54005e-07, 1.42109e-14, 0.645942, 0.763386, 2.38419e-07, -0.763386, 0.645942, -1.83445e-06, -5.60467, 7.69423)
bind/4/name = &"L_Elbow"
bind/4/bone = -1
bind/4/pose = Transform3D(-0.0755845, 0.703288, 0.706875, -0.991239, -0.129998, 0.0233478, 0.108313, -0.698918, 0.706953, -5.58292, 0.374116, 6.73558)
bind/5/name = &"L_Arm"
bind/5/bone = -1
bind/5/pose = Transform3D(-0.0670638, 0.70417, 0.706857, -0.995495, -0.094809, -7.07805e-08, 0.0670163, -0.703673, 0.707357, -5.57319, -1.20889, 6.69275)
bind/6/name = &"L_Forearm"
bind/6/bone = -1
bind/6/pose = Transform3D(-0.0354952, 0.70641, 0.706912, -0.998399, -0.056237, 0.00606561, 0.0440395, -0.705565, 0.707275, -5.47379, -3.25946, 6.62257)
bind/7/name = &"L_Hand"
bind/7/bone = -1
bind/7/pose = Transform3D(-0.174309, -0.984691, 1.58325e-07, -0.984344, 0.174247, 0.0265539, -0.0261475, 0.00462872, -0.999647, 7.07753, -7.23194, -0.973914)
bind/8/name = &"L_Index01"
bind/8/bone = -1
bind/8/pose = Transform3D(0.0223962, 0.712077, 0.701743, -0.999491, 1.49011e-08, 0.0318987, 0.0227144, -0.702101, 0.711715, -5.38392, -6.49937, 6.33938)
bind/9/name = &"L_Index02"
bind/9/bone = -1
bind/9/pose = Transform3D(-0.203713, 0.685474, 0.699018, -0.962541, -0.270717, -0.0150398, 0.178927, -0.675898, 0.714946, -6.68109, -4.21926, 7.17144)
bind/10/name = &"L_Index03"
bind/10/bone = -1
bind/10/pose = Transform3D(-0.237296, 0.671375, 0.702101, -0.94284, -0.333245, -1.49012e-08, 0.233972, -0.66197, 0.712077, -6.79736, -3.82372, 7.43857)
bind/11/name = &"L_Middle01"
bind/11/bone = -1
bind/11/pose = Transform3D(0.0297386, 0.71191, 0.70164, -0.999557, 0.0216493, 0.0203994, -0.00066737, -0.701936, 0.71224, -5.22427, -6.70971, 6.29712)
bind/12/name = &"L_Middle02"
bind/12/bone = -1
bind/12/pose = Transform3D(-0.145259, 0.698711, 0.700502, -0.983698, -0.177852, -0.0265867, 0.106009, -0.692945, 0.713155, -6.29529, -5.17497, 6.94232)
bind/13/name = &"L_Middle03"
bind/13/bone = -1
bind/13/pose = Transform3D(-0.267304, 0.659804, 0.702287, -0.921124, -0.388985, 0.0148569, 0.282982, -0.642923, 0.711739, -6.83206, -3.26508, 7.77414)
bind/14/name = &"L_Ring01"
bind/14/bone = -1
bind/14/pose = Transform3D(-0.0337156, 0.712077, 0.701291, -0.998847, 6.33299e-08, -0.0480212, -0.0341948, -0.702101, 0.711256, -5.52984, -6.5642, 6.19138)
bind/15/name = &"L_Ring02"
bind/15/bone = -1
bind/15/pose = Transform3D(-0.160237, 0.696151, 0.699783, -0.977459, -0.210643, -0.0142697, 0.137471, -0.686296, 0.714213, -6.25156, -4.85223, 7.21948)
bind/16/name = &"L_Ring03"
bind/16/bone = -1
bind/16/pose = Transform3D(-0.287524, 0.650059, 0.703387, -0.903028, -0.428727, 0.0270908, 0.319172, -0.627389, 0.710291, -6.76134, -2.77846, 8.0049)
bind/17/name = &"L_Pinky01"
bind/17/bone = -1
bind/17/pose = Transform3D(-0.0437956, 0.712077, 0.700733, -0.998052, 1.49012e-08, -0.062378, -0.0444179, -0.702101, 0.710691, -5.49861, -6.56788, 6.22306)
bind/18/name = &"L_Pinky02"
bind/18/bone = -1
bind/18/pose = Transform3D(-0.0926654, 0.712821, 0.695197, -0.984226, -0.171251, 0.0444011, 0.150703, -0.680117, 0.717447, -5.83814, -5.14076, 7.35676)
bind/19/name = &"L_Pinky03"
bind/19/bone = -1
bind/19/pose = Transform3D(-0.287889, 0.650675, 0.702667, -0.870638, -0.483442, 0.0909623, 0.398886, -0.585582, 0.70568, -6.67999, -1.99834, 8.29681)
bind/20/name = &"L_Thumb01"
bind/20/bone = -1
bind/20/pose = Transform3D(0.467067, 0.737424, 0.487908, -0.824342, 0.163541, 0.541954, 0.319857, -0.655333, 0.684274, -2.95934, -6.18887, 7.69564)
bind/21/name = &"L_Thumb02"
bind/21/bone = -1
bind/21/pose = Transform3D(0.394863, 0.70777, 0.585786, -0.865532, 0.0727412, 0.495544, 0.30812, -0.702688, 0.64132, -3.13855, -5.92935, 7.99765)
bind/22/name = &"L_Thumb03"
bind/22/bone = -1
bind/22/pose = Transform3D(0.391475, 0.712053, 0.582862, -0.830139, -1.19209e-07, 0.557556, 0.39701, -0.702126, 0.591103, -3.19687, -5.25921, 8.55863)
bind/23/name = &"R_Elbow"
bind/23/bone = -1
bind/23/pose = Transform3D(-0.0755845, -0.703289, -0.706875, 0.991239, -0.129998, 0.0233479, -0.108313, -0.698918, 0.706953, 5.58292, 0.374116, 6.73558)
bind/24/name = &"R_Arm"
bind/24/bone = -1
bind/24/pose = Transform3D(-0.0670638, -0.704171, -0.706857, 0.995495, -0.094809, -2.23517e-08, -0.0670164, -0.703673, 0.707357, 5.57319, -1.20889, 6.69275)
bind/25/name = &"R_Forearm"
bind/25/bone = -1
bind/25/pose = Transform3D(-0.0354953, -0.70641, -0.706912, 0.998399, -0.0562369, 0.00606565, -0.0440395, -0.705565, 0.707275, 5.47379, -3.25946, 6.62257)
bind/26/name = &"R_Hand"
bind/26/bone = -1
bind/26/pose = Transform3D(-0.174309, 0.984691, -1.36904e-07, 0.984343, 0.174247, 0.026554, 0.0261475, 0.00462863, -0.999647, -7.07754, -7.23194, -0.973913)
bind/27/name = &"R_Index01"
bind/27/bone = -1
bind/27/pose = Transform3D(0.0223962, -0.712077, -0.701743, 0.999491, -1.86264e-09, 0.0318989, -0.0227145, -0.702101, 0.711715, 5.38392, -6.49937, 6.33938)
bind/28/name = &"R_Index02"
bind/28/bone = -1
bind/28/pose = Transform3D(-0.203713, -0.685474, -0.699018, 0.962541, -0.270717, -0.0150397, -0.178927, -0.675898, 0.714946, 6.68109, -4.21925, 7.17144)
bind/29/name = &"R_Index03"
bind/29/bone = -1
bind/29/pose = Transform3D(-0.237296, -0.671375, -0.702101, 0.94284, -0.333245, 1.49011e-08, -0.233972, -0.661969, 0.712077, 6.79736, -3.82372, 7.43857)
bind/30/name = &"R_Middle01"
bind/30/bone = -1
bind/30/pose = Transform3D(0.0297386, -0.711911, -0.70164, 0.999558, 0.0216492, 0.0203995, 0.000667367, -0.701936, 0.71224, 5.22427, -6.70971, 6.29712)
bind/31/name = &"R_Middle02"
bind/31/bone = -1
bind/31/pose = Transform3D(-0.145259, -0.698711, -0.700502, 0.983698, -0.177852, -0.0265867, -0.106009, -0.692945, 0.713155, 6.29529, -5.17497, 6.94232)
bind/32/name = &"R_Middle03"
bind/32/bone = -1
bind/32/pose = Transform3D(-0.267304, -0.659804, -0.702287, 0.921124, -0.388985, 0.0148569, -0.282982, -0.642923, 0.711739, 6.83206, -3.26508, 7.77414)
bind/33/name = &"R_Ring01"
bind/33/bone = -1
bind/33/pose = Transform3D(-0.0337156, -0.712077, -0.701291, 0.998846, -3.72529e-08, -0.0480211, 0.0341947, -0.702101, 0.711256, 5.52984, -6.56419, 6.19138)
bind/34/name = &"R_Ring02"
bind/34/bone = -1
bind/34/pose = Transform3D(-0.160237, -0.696152, -0.699783, 0.977458, -0.210643, -0.0142696, -0.137471, -0.686296, 0.714212, 6.25156, -4.85222, 7.21948)
bind/35/name = &"R_Ring03"
bind/35/bone = -1
bind/35/pose = Transform3D(-0.287524, -0.650059, -0.703387, 0.903027, -0.428727, 0.0270909, -0.319172, -0.627389, 0.710291, 6.76134, -2.77844, 8.0049)
bind/36/name = &"R_Pinky01"
bind/36/bone = -1
bind/36/pose = Transform3D(-0.0437957, -0.712077, -0.700734, 0.998052, -2.23517e-08, -0.062378, 0.044418, -0.702101, 0.710691, 5.49861, -6.56787, 6.22306)
bind/37/name = &"R_Pinky02"
bind/37/bone = -1
bind/37/pose = Transform3D(-0.0926655, -0.712821, -0.695197, 0.984226, -0.171251, 0.0444011, -0.150703, -0.680117, 0.717446, 5.83814, -5.14076, 7.35676)
bind/38/name = &"R_Pinky03"
bind/38/bone = -1
bind/38/pose = Transform3D(-0.287889, -0.650675, -0.702667, 0.870637, -0.483442, 0.0909621, -0.398885, -0.585582, 0.70568, 6.67999, -1.99834, 8.2968)
bind/39/name = &"R_Thumb01"
bind/39/bone = -1
bind/39/pose = Transform3D(0.467067, -0.737424, -0.487908, 0.824342, 0.163541, 0.541954, -0.319857, -0.655333, 0.684274, 2.95935, -6.18886, 7.69564)
bind/40/name = &"R_Thumb02"
bind/40/bone = -1
bind/40/pose = Transform3D(0.394863, -0.70777, -0.585786, 0.865531, 0.0727412, 0.495544, -0.30812, -0.702688, 0.64132, 3.13855, -5.92935, 7.99765)
bind/41/name = &"R_Thumb03"
bind/41/bone = -1
bind/41/pose = Transform3D(0.391475, -0.712053, -0.582862, 0.830139, -1.19209e-07, 0.557556, -0.39701, -0.702126, 0.591103, 3.19687, -5.2592, 8.55863)
bind/42/name = &"L_Leg01"
bind/42/bone = -1
bind/42/pose = Transform3D(0.780487, -0.00205889, 0.625169, -0.0977738, -0.988091, 0.118811, 0.617479, -0.153855, -0.771394, 1.41103, 5.31822, 0.0549209)
bind/43/name = &"L_Leg02"
bind/43/bone = -1
bind/43/pose = Transform3D(0.776671, 0.00982435, 0.629829, 0.0838255, -0.992597, -0.0878862, 0.624303, 0.121054, -0.771746, 1.37799, 2.92275, -0.758834)
bind/44/name = &"L_Foot"
bind/44/bone = -1
bind/44/pose = Transform3D(0.768923, 0.608111, 0.197378, -0.163525, -0.11139, 0.98023, 0.618075, -0.785998, 0.0137913, 0.597163, 1.33791, 0.600728)
bind/45/name = &"R_Leg01"
bind/45/bone = -1
bind/45/pose = Transform3D(0.780487, 0.00205889, -0.625169, 0.0977738, -0.988091, 0.118811, -0.617479, -0.153855, -0.771394, -1.41103, 5.31822, 0.0549209)
bind/46/name = &"R_Leg02"
bind/46/bone = -1
bind/46/pose = Transform3D(0.776671, -0.00982435, -0.629829, -0.0838255, -0.992597, -0.0878862, -0.624303, 0.121054, -0.771746, -1.37799, 2.92275, -0.758834)
bind/47/name = &"R_Foot"
bind/47/bone = -1
bind/47/pose = Transform3D(0.768923, -0.608111, -0.197378, 0.163525, -0.11139, 0.98023, -0.618075, -0.785998, 0.0137913, -0.597163, 1.33791, 0.600728)
bind/48/name = &"neutral_bone"
bind/48/bone = -1
bind/48/pose = Transform3D(1, 0, 0, 0, 0, -1, 0, 1, 0, -3.13935e-16, 0, 0)

[sub_resource type="StandardMaterial3D" id="StandardMaterial3D_ok3a4"]
resource_name = "Material.006"
cull_mode = 2
albedo_color = Color(0.0167279, 0.0170353, 0.0160479, 1)
roughness = 0.5

[sub_resource type="StandardMaterial3D" id="StandardMaterial3D_thic2"]
resource_name = "Material.007"
cull_mode = 2
albedo_color = Color(0.90645, 0.454861, 0.793553, 1)
roughness = 0.5

[sub_resource type="ArrayMesh" id="ArrayMesh_8qoq3"]
resource_name = "Legman_Plane_002"
_surfaces = [{
"aabb": AABB(-0.986802, 10.1825, -0.0917868, 2.19844, 1.05964, 0.124146),
"attribute_data": PackedByteArray(0, 0, 0, 0, 0, 0, 128, 63, 0, 0, 0, 0, 0, 0, 128, 63, 0, 0, 0, 0, 0, 0, 128, 63, 0, 0, 0, 0, 0, 0, 128, 63, 0, 0, 128, 63, 0, 0, 128, 63, 0, 0, 128, 63, 0, 0, 128, 63, 0, 0, 128, 63, 0, 0, 128, 63, 0, 0, 128, 63, 0, 0, 128, 63, 0, 0, 128, 63, 0, 0, 128, 63, 0, 0, 0, 0, 0, 0, 0, 0, 0, 0, 0, 0, 0, 0, 0, 0, 0, 0, 0, 0, 0, 0, 0, 0, 0, 0, 0, 0, 0, 0, 0, 0, 0, 0, 128, 63, 0, 0, 0, 0, 0, 0, 128, 63, 0, 0, 0, 0, 0, 0, 128, 63, 0, 0, 0, 0, 0, 0, 128, 63, 0, 0, 0, 0, 0, 0, 0, 0, 0, 0, 128, 63, 0, 0, 0, 0, 0, 0, 128, 63, 0, 0, 0, 0, 0, 0, 128, 63, 0, 0, 0, 0, 0, 0, 128, 63, 0, 0, 128, 63, 0, 0, 128, 63, 0, 0, 128, 63, 0, 0, 128, 63, 0, 0, 128, 63, 0, 0, 128, 63, 0, 0, 128, 63, 0, 0, 128, 63, 0, 0, 0, 0, 0, 0, 0, 0, 0, 0, 0, 0, 0, 0, 0, 0, 0, 0, 0, 0, 0, 0, 0, 0, 0, 0, 128, 63, 0, 0, 128, 63, 0, 0, 0, 0, 0, 0, 0, 0, 0, 0, 128, 63, 0, 0, 0, 0, 0, 0, 128, 63, 0, 0, 0, 0, 0, 0, 128, 63, 0, 0, 0, 0, 0, 0, 128, 63, 0, 0, 0, 0, 0, 0, 0, 0, 0, 0, 128, 63, 0, 0, 0, 0, 0, 0, 128, 63, 0, 0, 0, 0, 0, 0, 128, 63, 0, 0, 128, 63, 0, 0, 128, 63, 0, 0, 128, 63, 0, 0, 128, 63, 0, 0, 128, 63, 0, 0, 128, 63, 0, 0, 128, 63, 0, 0, 128, 63, 0, 0, 0, 0, 0, 0, 0, 0, 0, 0, 0, 0, 0, 0, 0, 0, 0, 0, 0, 0, 0, 0, 0, 0, 0, 0, 128, 63, 0, 0, 0, 0, 0, 0, 128, 63, 0, 0, 0, 0, 0, 0, 128, 63, 0, 0, 0, 0, 0, 0, 0, 0, 0, 0, 128, 63, 0, 0, 0, 0, 0, 0, 128, 63, 0, 0, 0, 0, 0, 0, 128, 63, 0, 0, 128, 63, 0, 0, 128, 63, 0, 0, 128, 63, 0, 0, 128, 63, 0, 0, 128, 63, 0, 0, 128, 63, 0, 0, 0, 0, 0, 0, 0, 0, 0, 0, 0, 0, 0, 0, 0, 0, 0, 0, 128, 63, 0, 0, 128, 63, 0, 0, 0, 0, 0, 0, 0, 0, 0, 0, 128, 63, 0, 0, 0, 0, 0, 0, 128, 63, 0, 0, 0, 0, 0, 0, 128, 63, 0, 0, 0, 0, 0, 0, 0, 0, 0, 0, 0, 0, 0, 0, 0, 0, 0, 0, 0, 0, 0, 0, 0, 0, 0, 0, 0, 0, 0, 0, 0, 0, 0, 0, 0, 0, 0, 0, 0, 0, 0, 0, 128, 63, 0, 0, 0, 0, 0, 0, 128, 63, 0, 0, 0, 0, 0, 0, 128, 63, 0, 0, 0, 0, 0, 0, 128, 63, 0, 0, 128, 63, 0, 0, 128, 63, 0, 0, 128, 63, 0, 0, 128, 63, 0, 0, 128, 63, 0, 0, 128, 63, 0, 0, 128, 63, 0, 0, 128, 63, 0, 0, 128, 63, 0, 0, 0, 0, 0, 0, 128, 63, 0, 0, 0, 0, 0, 0, 128, 63, 0, 0, 0, 0, 0, 0, 128, 63, 0, 0, 0, 0, 0, 0, 0, 0, 0, 0, 128, 63, 0, 0, 0, 0, 0, 0, 128, 63, 0, 0, 0, 0, 0, 0, 128, 63, 0, 0, 0, 0, 0, 0, 128, 63, 0, 0, 0, 0, 0, 0, 0, 0, 0, 0, 0, 0, 0, 0, 0, 0, 0, 0, 0, 0, 0, 0, 0, 0, 0, 0, 0, 0, 0, 0, 0, 0, 0, 0, 128, 63, 0, 0, 128, 63, 0, 0, 128, 63, 0, 0, 128, 63, 0, 0, 128, 63, 0, 0, 128, 63, 0, 0, 128, 63, 0, 0, 128, 63, 0, 0, 128, 63, 0, 0, 0, 0, 0, 0, 128, 63, 0, 0, 0, 0, 0, 0, 128, 63, 0, 0, 0, 0, 0, 0, 128, 63, 0, 0, 0, 0, 0, 0, 0, 0, 0, 0, 0, 0, 0, 0, 0, 0, 0, 0, 0, 0, 0, 0, 0, 0, 0, 0, 128, 63, 0, 0, 0, 0, 0, 0, 128, 63, 0, 0, 128, 63, 0, 0, 128, 63, 0, 0, 128, 63, 0, 0, 128, 63, 0, 0, 128, 63, 0, 0, 0, 0, 0, 0, 128, 63, 0, 0, 0, 0, 0, 0, 0, 0, 0, 0, 128, 63, 0, 0, 0, 0, 0, 0, 128, 63, 0, 0, 0, 0, 0, 0, 0, 0, 0, 0, 0, 0, 0, 0, 0, 0, 0, 0, 128, 63, 0, 0, 128, 63, 0, 0, 128, 63, 0, 0, 128, 63, 0, 0, 128, 63, 0, 0, 0, 0, 0, 0, 128, 63, 0, 0, 0, 0, 0, 0, 128, 63, 0, 0, 128, 63, 0, 0, 128, 63, 0, 0, 128, 63, 0, 0, 128, 63, 0, 0, 128, 63, 0, 0, 128, 63, 0, 0, 128, 63),
"bone_aabbs": [AABB(0, 0, 0, -1, -1, -1), AABB(0, 0, 0, -1, -1, -1), AABB(0, 0, 0, -1, -1, -1), AABB(-0.986802, 10.1825, -0.0917868, 2.19844, 1.05964, 0.124146), AABB(0, 0, 0, -1, -1, -1), AABB(0, 0, 0, -1, -1, -1), AABB(0, 0, 0, -1, -1, -1), AABB(0, 0, 0, -1, -1, -1), AABB(0, 0, 0, -1, -1, -1), AABB(0, 0, 0, -1, -1, -1), AABB(0, 0, 0, -1, -1, -1), AABB(0, 0, 0, -1, -1, -1), AABB(0, 0, 0, -1, -1, -1), AABB(0, 0, 0, -1, -1, -1), AABB(0, 0, 0, -1, -1, -1), AABB(0, 0, 0, -1, -1, -1), AABB(0, 0, 0, -1, -1, -1), AABB(0, 0, 0, -1, -1, -1), AABB(0, 0, 0, -1, -1, -1), AABB(0, 0, 0, -1, -1, -1), AABB(0, 0, 0, -1, -1, -1), AABB(0, 0, 0, -1, -1, -1), AABB(0, 0, 0, -1, -1, -1), AABB(0, 0, 0, -1, -1, -1), AABB(1.12448, 11.0132, -0.0917868, 0.087173, 0.071991, 0.066949)],
"format": 34359745559,
"index_count": 174,
"index_data": PackedByteArray(11, 0, 73, 0, 14, 0, 11, 0, 62, 0, 73, 0, 23, 0, 78, 0, 17, 0, 23, 0, 86, 0, 78, 0, 36, 0, 45, 0, 40, 0, 36, 0, 42, 0, 45, 0, 47, 0, 59, 0, 51, 0, 47, 0, 54, 0, 59, 0, 21, 0, 57, 0, 30, 0, 21, 0, 50, 0, 57, 0, 29, 0, 49, 0, 20, 0, 29, 0, 56, 0, 49, 0, 7, 0, 44, 0, 13, 0, 7, 0, 39, 0, 44, 0, 9, 0, 35, 0, 2, 0, 9, 0, 41, 0, 35, 0, 33, 0, 53, 0, 26, 0, 33, 0, 58, 0, 53, 0, 19, 0, 52, 0, 24, 0, 19, 0, 48, 0, 52, 0, 16, 0, 43, 0, 12, 0, 16, 0, 46, 0, 43, 0, 0, 0, 37, 0, 4, 0, 0, 0, 34, 0, 37, 0, 71, 0, 95, 0, 67, 0, 71, 0, 97, 0, 95, 0, 6, 0, 68, 0, 1, 0, 1, 0, 68, 0, 64, 0, 15, 0, 69, 0, 8, 0, 15, 0, 74, 0, 69, 0, 3, 0, 61, 0, 10, 0, 3, 0, 65, 0, 61, 0, 60, 0, 98, 0, 72, 0, 60, 0, 92, 0, 98, 0, 32, 0, 85, 0, 22, 0, 32, 0, 90, 0, 85, 0, 18, 0, 83, 0, 27, 0, 18, 0, 79, 0, 83, 0, 25, 0, 89, 0, 31, 0, 25, 0, 82, 0, 89, 0, 91, 0, 105, 0, 87, 0, 91, 0, 107, 0, 105, 0, 76, 0, 102, 0, 80, 0, 76, 0, 100, 0, 102, 0, 75, 0, 96, 0, 70, 0, 75, 0, 99, 0, 96, 0, 81, 0, 106, 0, 88, 0, 81, 0, 103, 0, 106, 0, 66, 0, 93, 0, 63, 0, 66, 0, 94, 0, 93, 0, 84, 0, 101, 0, 77, 0, 84, 0, 104, 0, 101, 0, 38, 0, 108, 0, 5, 0, 38, 0, 109, 0, 108, 0, 109, 0, 110, 0, 108, 0, 109, 0, 111, 0, 110, 0, 111, 0, 28, 0, 110, 0, 111, 0, 55, 0, 28, 0),
"material": SubResource("StandardMaterial3D_ok3a4"),
"name": "Material.006",
"primitive": 3,
